/*--------------------------------*- C++ -*----------------------------------*\
| =========                 |                                                 |
| \\      /  F ield         | OpenFOAM: The Open Source CFD Toolbox           |
|  \\    /   O peration     | Version:  2306                                  |
|   \\  /    A nd           | Website:  www.openfoam.com                      |
|    \\/     M anipulation  |                                                 |
\*---------------------------------------------------------------------------*/
FoamFile
{
    version     2.0;
    format      ascii;
    arch        "LSB;label=32;scalar=64";
    class       vectorField;
    location    "constant/polyMesh";
    object      points;
}
// * * * * * * * * * * * * * * * * * * * * * * * * * * * * * * * * * * * * * //


5002
(
(0 0 0)
(0.1 0 0)
(0.2 0 0)
(0.3 0 0)
(0.4 0 0)
(0.5 0 0)
(0.6 0 0)
(0.7 0 0)
(0.8 0 0)
(0.9 0 0)
(1 0 0)
(1.1 0 0)
(1.2 0 0)
(1.3 0 0)
(1.4 0 0)
(1.5 0 0)
(1.6 0 0)
(1.7 0 0)
(1.8 0 0)
(1.9 0 0)
(2 0 0)
(2.1 0 0)
(2.2 0 0)
(2.3 0 0)
(2.4 0 0)
(2.5 0 0)
(2.6 0 0)
(2.7 0 0)
(2.8 0 0)
(2.9 0 0)
(3 0 0)
(3.1 0 0)
(3.2 0 0)
(3.3 0 0)
(3.4 0 0)
(3.5 0 0)
(3.6 0 0)
(3.7 0 0)
(3.8 0 0)
(3.9 0 0)
(4 0 0)
(0 0.008024495991 0)
(0.1 0.008024495991 0)
(0.2 0.008024495991 0)
(0.3 0.008024495991 0)
(0.4 0.008024495991 0)
(0.5 0.008024495991 0)
(0.6 0.008024495991 0)
(0.7 0.008024495991 0)
(0.8 0.008024495991 0)
(0.9 0.008024495991 0)
(1 0.008024495991 0)
(1.1 0.008024495991 0)
(1.2 0.008024495991 0)
(1.3 0.008024495991 0)
(1.4 0.008024495991 0)
(1.5 0.008024495991 0)
(1.6 0.008024495991 0)
(1.7 0.008024495991 0)
(1.8 0.008024495991 0)
(1.9 0.008024495991 0)
(2 0.008024495991 0)
(2.1 0.008024495991 0)
(2.2 0.008024495991 0)
(2.3 0.008024495991 0)
(2.4 0.008024495991 0)
(2.5 0.008024495991 0)
(2.6 0.008024495991 0)
(2.7 0.008024495991 0)
(2.8 0.008024495991 0)
(2.9 0.008024495991 0)
(3 0.008024495991 0)
(3.1 0.008024495991 0)
(3.2 0.008024495991 0)
(3.3 0.008024495991 0)
(3.4 0.008024495991 0)
(3.5 0.008024495991 0)
(3.6 0.008024495991 0)
(3.7 0.008024495991 0)
(3.8 0.008024495991 0)
(3.9 0.008024495991 0)
(4 0.008024495991 0)
(0 0.01673248105 0)
(0.1 0.01673248105 0)
(0.2 0.01673248105 0)
(0.3 0.01673248105 0)
(0.4 0.01673248105 0)
(0.5 0.01673248105 0)
(0.6 0.01673248105 0)
(0.7 0.01673248105 0)
(0.8 0.01673248105 0)
(0.9 0.01673248105 0)
(1 0.01673248105 0)
(1.1 0.01673248105 0)
(1.2 0.01673248105 0)
(1.3 0.01673248105 0)
(1.4 0.01673248105 0)
(1.5 0.01673248105 0)
(1.6 0.01673248105 0)
(1.7 0.01673248105 0)
(1.8 0.01673248105 0)
(1.9 0.01673248105 0)
(2 0.01673248105 0)
(2.1 0.01673248105 0)
(2.2 0.01673248105 0)
(2.3 0.01673248105 0)
(2.4 0.01673248105 0)
(2.5 0.01673248105 0)
(2.6 0.01673248105 0)
(2.7 0.01673248105 0)
(2.8 0.01673248105 0)
(2.9 0.01673248105 0)
(3 0.01673248105 0)
(3.1 0.01673248105 0)
(3.2 0.01673248105 0)
(3.3 0.01673248105 0)
(3.4 0.01673248105 0)
(3.5 0.01673248105 0)
(3.6 0.01673248105 0)
(3.7 0.01673248105 0)
(3.8 0.01673248105 0)
(3.9 0.01673248105 0)
(4 0.01673248105 0)
(0 0.02618217157 0)
(0.1 0.02618217157 0)
(0.2 0.02618217157 0)
(0.3 0.02618217157 0)
(0.4 0.02618217157 0)
(0.5 0.02618217157 0)
(0.6 0.02618217157 0)
(0.7 0.02618217157 0)
(0.8 0.02618217157 0)
(0.9 0.02618217157 0)
(1 0.02618217157 0)
(1.1 0.02618217157 0)
(1.2 0.02618217157 0)
(1.3 0.02618217157 0)
(1.4 0.02618217157 0)
(1.5 0.02618217157 0)
(1.6 0.02618217157 0)
(1.7 0.02618217157 0)
(1.8 0.02618217157 0)
(1.9 0.02618217157 0)
(2 0.02618217157 0)
(2.1 0.02618217157 0)
(2.2 0.02618217157 0)
(2.3 0.02618217157 0)
(2.4 0.02618217157 0)
(2.5 0.02618217157 0)
(2.6 0.02618217157 0)
(2.7 0.02618217157 0)
(2.8 0.02618217157 0)
(2.9 0.02618217157 0)
(3 0.02618217157 0)
(3.1 0.02618217157 0)
(3.2 0.02618217157 0)
(3.3 0.02618217157 0)
(3.4 0.02618217157 0)
(3.5 0.02618217157 0)
(3.6 0.02618217157 0)
(3.7 0.02618217157 0)
(3.8 0.02618217157 0)
(3.9 0.02618217157 0)
(4 0.02618217157 0)
(0 0.03643674258 0)
(0.1 0.03643674258 0)
(0.2 0.03643674258 0)
(0.3 0.03643674258 0)
(0.4 0.03643674258 0)
(0.5 0.03643674258 0)
(0.6 0.03643674258 0)
(0.7 0.03643674258 0)
(0.8 0.03643674258 0)
(0.9 0.03643674258 0)
(1 0.03643674258 0)
(1.1 0.03643674258 0)
(1.2 0.03643674258 0)
(1.3 0.03643674258 0)
(1.4 0.03643674258 0)
(1.5 0.03643674258 0)
(1.6 0.03643674258 0)
(1.7 0.03643674258 0)
(1.8 0.03643674258 0)
(1.9 0.03643674258 0)
(2 0.03643674258 0)
(2.1 0.03643674258 0)
(2.2 0.03643674258 0)
(2.3 0.03643674258 0)
(2.4 0.03643674258 0)
(2.5 0.03643674258 0)
(2.6 0.03643674258 0)
(2.7 0.03643674258 0)
(2.8 0.03643674258 0)
(2.9 0.03643674258 0)
(3 0.03643674258 0)
(3.1 0.03643674258 0)
(3.2 0.03643674258 0)
(3.3 0.03643674258 0)
(3.4 0.03643674258 0)
(3.5 0.03643674258 0)
(3.6 0.03643674258 0)
(3.7 0.03643674258 0)
(3.8 0.03643674258 0)
(3.9 0.03643674258 0)
(4 0.03643674258 0)
(0 0.04756475001 0)
(0.1 0.04756475001 0)
(0.2 0.04756475001 0)
(0.3 0.04756475001 0)
(0.4 0.04756475001 0)
(0.5 0.04756475001 0)
(0.6 0.04756475001 0)
(0.7 0.04756475001 0)
(0.8 0.04756475001 0)
(0.9 0.04756475001 0)
(1 0.04756475001 0)
(1.1 0.04756475001 0)
(1.2 0.04756475001 0)
(1.3 0.04756475001 0)
(1.4 0.04756475001 0)
(1.5 0.04756475001 0)
(1.6 0.04756475001 0)
(1.7 0.04756475001 0)
(1.8 0.04756475001 0)
(1.9 0.04756475001 0)
(2 0.04756475001 0)
(2.1 0.04756475001 0)
(2.2 0.04756475001 0)
(2.3 0.04756475001 0)
(2.4 0.04756475001 0)
(2.5 0.04756475001 0)
(2.6 0.04756475001 0)
(2.7 0.04756475001 0)
(2.8 0.04756475001 0)
(2.9 0.04756475001 0)
(3 0.04756475001 0)
(3.1 0.04756475001 0)
(3.2 0.04756475001 0)
(3.3 0.04756475001 0)
(3.4 0.04756475001 0)
(3.5 0.04756475001 0)
(3.6 0.04756475001 0)
(3.7 0.04756475001 0)
(3.8 0.04756475001 0)
(3.9 0.04756475001 0)
(4 0.04756475001 0)
(0 0.05964058911 0)
(0.1 0.05964058911 0)
(0.2 0.05964058911 0)
(0.3 0.05964058911 0)
(0.4 0.05964058911 0)
(0.5 0.05964058911 0)
(0.6 0.05964058911 0)
(0.7 0.05964058911 0)
(0.8 0.05964058911 0)
(0.9 0.05964058911 0)
(1 0.05964058911 0)
(1.1 0.05964058911 0)
(1.2 0.05964058911 0)
(1.3 0.05964058911 0)
(1.4 0.05964058911 0)
(1.5 0.05964058911 0)
(1.6 0.05964058911 0)
(1.7 0.05964058911 0)
(1.8 0.05964058911 0)
(1.9 0.05964058911 0)
(2 0.05964058911 0)
(2.1 0.05964058911 0)
(2.2 0.05964058911 0)
(2.3 0.05964058911 0)
(2.4 0.05964058911 0)
(2.5 0.05964058911 0)
(2.6 0.05964058911 0)
(2.7 0.05964058911 0)
(2.8 0.05964058911 0)
(2.9 0.05964058911 0)
(3 0.05964058911 0)
(3.1 0.05964058911 0)
(3.2 0.05964058911 0)
(3.3 0.05964058911 0)
(3.4 0.05964058911 0)
(3.5 0.05964058911 0)
(3.6 0.05964058911 0)
(3.7 0.05964058911 0)
(3.8 0.05964058911 0)
(3.9 0.05964058911 0)
(4 0.05964058911 0)
(0 0.07274499175 0)
(0.1 0.07274499175 0)
(0.2 0.07274499175 0)
(0.3 0.07274499175 0)
(0.4 0.07274499175 0)
(0.5 0.07274499175 0)
(0.6 0.07274499175 0)
(0.7 0.07274499175 0)
(0.8 0.07274499175 0)
(0.9 0.07274499175 0)
(1 0.07274499175 0)
(1.1 0.07274499175 0)
(1.2 0.07274499175 0)
(1.3 0.07274499175 0)
(1.4 0.07274499175 0)
(1.5 0.07274499175 0)
(1.6 0.07274499175 0)
(1.7 0.07274499175 0)
(1.8 0.07274499175 0)
(1.9 0.07274499175 0)
(2 0.07274499175 0)
(2.1 0.07274499175 0)
(2.2 0.07274499175 0)
(2.3 0.07274499175 0)
(2.4 0.07274499175 0)
(2.5 0.07274499175 0)
(2.6 0.07274499175 0)
(2.7 0.07274499175 0)
(2.8 0.07274499175 0)
(2.9 0.07274499175 0)
(3 0.07274499175 0)
(3.1 0.07274499175 0)
(3.2 0.07274499175 0)
(3.3 0.07274499175 0)
(3.4 0.07274499175 0)
(3.5 0.07274499175 0)
(3.6 0.07274499175 0)
(3.7 0.07274499175 0)
(3.8 0.07274499175 0)
(3.9 0.07274499175 0)
(4 0.07274499175 0)
(0 0.08696556616 0)
(0.1 0.08696556616 0)
(0.2 0.08696556616 0)
(0.3 0.08696556616 0)
(0.4 0.08696556616 0)
(0.5 0.08696556616 0)
(0.6 0.08696556616 0)
(0.7 0.08696556616 0)
(0.8 0.08696556616 0)
(0.9 0.08696556616 0)
(1 0.08696556616 0)
(1.1 0.08696556616 0)
(1.2 0.08696556616 0)
(1.3 0.08696556616 0)
(1.4 0.08696556616 0)
(1.5 0.08696556616 0)
(1.6 0.08696556616 0)
(1.7 0.08696556616 0)
(1.8 0.08696556616 0)
(1.9 0.08696556616 0)
(2 0.08696556616 0)
(2.1 0.08696556616 0)
(2.2 0.08696556616 0)
(2.3 0.08696556616 0)
(2.4 0.08696556616 0)
(2.5 0.08696556616 0)
(2.6 0.08696556616 0)
(2.7 0.08696556616 0)
(2.8 0.08696556616 0)
(2.9 0.08696556616 0)
(3 0.08696556616 0)
(3.1 0.08696556616 0)
(3.2 0.08696556616 0)
(3.3 0.08696556616 0)
(3.4 0.08696556616 0)
(3.5 0.08696556616 0)
(3.6 0.08696556616 0)
(3.7 0.08696556616 0)
(3.8 0.08696556616 0)
(3.9 0.08696556616 0)
(4 0.08696556616 0)
(0 0.1023973826 0)
(0.1 0.1023973826 0)
(0.2 0.1023973826 0)
(0.3 0.1023973826 0)
(0.4 0.1023973826 0)
(0.5 0.1023973826 0)
(0.6 0.1023973826 0)
(0.7 0.1023973826 0)
(0.8 0.1023973826 0)
(0.9 0.1023973826 0)
(1 0.1023973826 0)
(1.1 0.1023973826 0)
(1.2 0.1023973826 0)
(1.3 0.1023973826 0)
(1.4 0.1023973826 0)
(1.5 0.1023973826 0)
(1.6 0.1023973826 0)
(1.7 0.1023973826 0)
(1.8 0.1023973826 0)
(1.9 0.1023973826 0)
(2 0.1023973826 0)
(2.1 0.1023973826 0)
(2.2 0.1023973826 0)
(2.3 0.1023973826 0)
(2.4 0.1023973826 0)
(2.5 0.1023973826 0)
(2.6 0.1023973826 0)
(2.7 0.1023973826 0)
(2.8 0.1023973826 0)
(2.9 0.1023973826 0)
(3 0.1023973826 0)
(3.1 0.1023973826 0)
(3.2 0.1023973826 0)
(3.3 0.1023973826 0)
(3.4 0.1023973826 0)
(3.5 0.1023973826 0)
(3.6 0.1023973826 0)
(3.7 0.1023973826 0)
(3.8 0.1023973826 0)
(3.9 0.1023973826 0)
(4 0.1023973826 0)
(0 0.1191436091 0)
(0.1 0.1191436091 0)
(0.2 0.1191436091 0)
(0.3 0.1191436091 0)
(0.4 0.1191436091 0)
(0.5 0.1191436091 0)
(0.6 0.1191436091 0)
(0.7 0.1191436091 0)
(0.8 0.1191436091 0)
(0.9 0.1191436091 0)
(1 0.1191436091 0)
(1.1 0.1191436091 0)
(1.2 0.1191436091 0)
(1.3 0.1191436091 0)
(1.4 0.1191436091 0)
(1.5 0.1191436091 0)
(1.6 0.1191436091 0)
(1.7 0.1191436091 0)
(1.8 0.1191436091 0)
(1.9 0.1191436091 0)
(2 0.1191436091 0)
(2.1 0.1191436091 0)
(2.2 0.1191436091 0)
(2.3 0.1191436091 0)
(2.4 0.1191436091 0)
(2.5 0.1191436091 0)
(2.6 0.1191436091 0)
(2.7 0.1191436091 0)
(2.8 0.1191436091 0)
(2.9 0.1191436091 0)
(3 0.1191436091 0)
(3.1 0.1191436091 0)
(3.2 0.1191436091 0)
(3.3 0.1191436091 0)
(3.4 0.1191436091 0)
(3.5 0.1191436091 0)
(3.6 0.1191436091 0)
(3.7 0.1191436091 0)
(3.8 0.1191436091 0)
(3.9 0.1191436091 0)
(4 0.1191436091 0)
(0 0.1373162009 0)
(0.1 0.1373162009 0)
(0.2 0.1373162009 0)
(0.3 0.1373162009 0)
(0.4 0.1373162009 0)
(0.5 0.1373162009 0)
(0.6 0.1373162009 0)
(0.7 0.1373162009 0)
(0.8 0.1373162009 0)
(0.9 0.1373162009 0)
(1 0.1373162009 0)
(1.1 0.1373162009 0)
(1.2 0.1373162009 0)
(1.3 0.1373162009 0)
(1.4 0.1373162009 0)
(1.5 0.1373162009 0)
(1.6 0.1373162009 0)
(1.7 0.1373162009 0)
(1.8 0.1373162009 0)
(1.9 0.1373162009 0)
(2 0.1373162009 0)
(2.1 0.1373162009 0)
(2.2 0.1373162009 0)
(2.3 0.1373162009 0)
(2.4 0.1373162009 0)
(2.5 0.1373162009 0)
(2.6 0.1373162009 0)
(2.7 0.1373162009 0)
(2.8 0.1373162009 0)
(2.9 0.1373162009 0)
(3 0.1373162009 0)
(3.1 0.1373162009 0)
(3.2 0.1373162009 0)
(3.3 0.1373162009 0)
(3.4 0.1373162009 0)
(3.5 0.1373162009 0)
(3.6 0.1373162009 0)
(3.7 0.1373162009 0)
(3.8 0.1373162009 0)
(3.9 0.1373162009 0)
(4 0.1373162009 0)
(0 0.1570366492 0)
(0.1 0.1570366492 0)
(0.2 0.1570366492 0)
(0.3 0.1570366492 0)
(0.4 0.1570366492 0)
(0.5 0.1570366492 0)
(0.6 0.1570366492 0)
(0.7 0.1570366492 0)
(0.8 0.1570366492 0)
(0.9 0.1570366492 0)
(1 0.1570366492 0)
(1.1 0.1570366492 0)
(1.2 0.1570366492 0)
(1.3 0.1570366492 0)
(1.4 0.1570366492 0)
(1.5 0.1570366492 0)
(1.6 0.1570366492 0)
(1.7 0.1570366492 0)
(1.8 0.1570366492 0)
(1.9 0.1570366492 0)
(2 0.1570366492 0)
(2.1 0.1570366492 0)
(2.2 0.1570366492 0)
(2.3 0.1570366492 0)
(2.4 0.1570366492 0)
(2.5 0.1570366492 0)
(2.6 0.1570366492 0)
(2.7 0.1570366492 0)
(2.8 0.1570366492 0)
(2.9 0.1570366492 0)
(3 0.1570366492 0)
(3.1 0.1570366492 0)
(3.2 0.1570366492 0)
(3.3 0.1570366492 0)
(3.4 0.1570366492 0)
(3.5 0.1570366492 0)
(3.6 0.1570366492 0)
(3.7 0.1570366492 0)
(3.8 0.1570366492 0)
(3.9 0.1570366492 0)
(4 0.1570366492 0)
(0 0.178436793 0)
(0.1 0.178436793 0)
(0.2 0.178436793 0)
(0.3 0.178436793 0)
(0.4 0.178436793 0)
(0.5 0.178436793 0)
(0.6 0.178436793 0)
(0.7 0.178436793 0)
(0.8 0.178436793 0)
(0.9 0.178436793 0)
(1 0.178436793 0)
(1.1 0.178436793 0)
(1.2 0.178436793 0)
(1.3 0.178436793 0)
(1.4 0.178436793 0)
(1.5 0.178436793 0)
(1.6 0.178436793 0)
(1.7 0.178436793 0)
(1.8 0.178436793 0)
(1.9 0.178436793 0)
(2 0.178436793 0)
(2.1 0.178436793 0)
(2.2 0.178436793 0)
(2.3 0.178436793 0)
(2.4 0.178436793 0)
(2.5 0.178436793 0)
(2.6 0.178436793 0)
(2.7 0.178436793 0)
(2.8 0.178436793 0)
(2.9 0.178436793 0)
(3 0.178436793 0)
(3.1 0.178436793 0)
(3.2 0.178436793 0)
(3.3 0.178436793 0)
(3.4 0.178436793 0)
(3.5 0.178436793 0)
(3.6 0.178436793 0)
(3.7 0.178436793 0)
(3.8 0.178436793 0)
(3.9 0.178436793 0)
(4 0.178436793 0)
(0 0.2016597011 0)
(0.1 0.2016597011 0)
(0.2 0.2016597011 0)
(0.3 0.2016597011 0)
(0.4 0.2016597011 0)
(0.5 0.2016597011 0)
(0.6 0.2016597011 0)
(0.7 0.2016597011 0)
(0.8 0.2016597011 0)
(0.9 0.2016597011 0)
(1 0.2016597011 0)
(1.1 0.2016597011 0)
(1.2 0.2016597011 0)
(1.3 0.2016597011 0)
(1.4 0.2016597011 0)
(1.5 0.2016597011 0)
(1.6 0.2016597011 0)
(1.7 0.2016597011 0)
(1.8 0.2016597011 0)
(1.9 0.2016597011 0)
(2 0.2016597011 0)
(2.1 0.2016597011 0)
(2.2 0.2016597011 0)
(2.3 0.2016597011 0)
(2.4 0.2016597011 0)
(2.5 0.2016597011 0)
(2.6 0.2016597011 0)
(2.7 0.2016597011 0)
(2.8 0.2016597011 0)
(2.9 0.2016597011 0)
(3 0.2016597011 0)
(3.1 0.2016597011 0)
(3.2 0.2016597011 0)
(3.3 0.2016597011 0)
(3.4 0.2016597011 0)
(3.5 0.2016597011 0)
(3.6 0.2016597011 0)
(3.7 0.2016597011 0)
(3.8 0.2016597011 0)
(3.9 0.2016597011 0)
(4 0.2016597011 0)
(0 0.226860628 0)
(0.1 0.226860628 0)
(0.2 0.226860628 0)
(0.3 0.226860628 0)
(0.4 0.226860628 0)
(0.5 0.226860628 0)
(0.6 0.226860628 0)
(0.7 0.226860628 0)
(0.8 0.226860628 0)
(0.9 0.226860628 0)
(1 0.226860628 0)
(1.1 0.226860628 0)
(1.2 0.226860628 0)
(1.3 0.226860628 0)
(1.4 0.226860628 0)
(1.5 0.226860628 0)
(1.6 0.226860628 0)
(1.7 0.226860628 0)
(1.8 0.226860628 0)
(1.9 0.226860628 0)
(2 0.226860628 0)
(2.1 0.226860628 0)
(2.2 0.226860628 0)
(2.3 0.226860628 0)
(2.4 0.226860628 0)
(2.5 0.226860628 0)
(2.6 0.226860628 0)
(2.7 0.226860628 0)
(2.8 0.226860628 0)
(2.9 0.226860628 0)
(3 0.226860628 0)
(3.1 0.226860628 0)
(3.2 0.226860628 0)
(3.3 0.226860628 0)
(3.4 0.226860628 0)
(3.5 0.226860628 0)
(3.6 0.226860628 0)
(3.7 0.226860628 0)
(3.8 0.226860628 0)
(3.9 0.226860628 0)
(4 0.226860628 0)
(0 0.254208052 0)
(0.1 0.254208052 0)
(0.2 0.254208052 0)
(0.3 0.254208052 0)
(0.4 0.254208052 0)
(0.5 0.254208052 0)
(0.6 0.254208052 0)
(0.7 0.254208052 0)
(0.8 0.254208052 0)
(0.9 0.254208052 0)
(1 0.254208052 0)
(1.1 0.254208052 0)
(1.2 0.254208052 0)
(1.3 0.254208052 0)
(1.4 0.254208052 0)
(1.5 0.254208052 0)
(1.6 0.254208052 0)
(1.7 0.254208052 0)
(1.8 0.254208052 0)
(1.9 0.254208052 0)
(2 0.254208052 0)
(2.1 0.254208052 0)
(2.2 0.254208052 0)
(2.3 0.254208052 0)
(2.4 0.254208052 0)
(2.5 0.254208052 0)
(2.6 0.254208052 0)
(2.7 0.254208052 0)
(2.8 0.254208052 0)
(2.9 0.254208052 0)
(3 0.254208052 0)
(3.1 0.254208052 0)
(3.2 0.254208052 0)
(3.3 0.254208052 0)
(3.4 0.254208052 0)
(3.5 0.254208052 0)
(3.6 0.254208052 0)
(3.7 0.254208052 0)
(3.8 0.254208052 0)
(3.9 0.254208052 0)
(4 0.254208052 0)
(0 0.2838848018 0)
(0.1 0.2838848018 0)
(0.2 0.2838848018 0)
(0.3 0.2838848018 0)
(0.4 0.2838848018 0)
(0.5 0.2838848018 0)
(0.6 0.2838848018 0)
(0.7 0.2838848018 0)
(0.8 0.2838848018 0)
(0.9 0.2838848018 0)
(1 0.2838848018 0)
(1.1 0.2838848018 0)
(1.2 0.2838848018 0)
(1.3 0.2838848018 0)
(1.4 0.2838848018 0)
(1.5 0.2838848018 0)
(1.6 0.2838848018 0)
(1.7 0.2838848018 0)
(1.8 0.2838848018 0)
(1.9 0.2838848018 0)
(2 0.2838848018 0)
(2.1 0.2838848018 0)
(2.2 0.2838848018 0)
(2.3 0.2838848018 0)
(2.4 0.2838848018 0)
(2.5 0.2838848018 0)
(2.6 0.2838848018 0)
(2.7 0.2838848018 0)
(2.8 0.2838848018 0)
(2.9 0.2838848018 0)
(3 0.2838848018 0)
(3.1 0.2838848018 0)
(3.2 0.2838848018 0)
(3.3 0.2838848018 0)
(3.4 0.2838848018 0)
(3.5 0.2838848018 0)
(3.6 0.2838848018 0)
(3.7 0.2838848018 0)
(3.8 0.2838848018 0)
(3.9 0.2838848018 0)
(4 0.2838848018 0)
(0 0.3160892785 0)
(0.1 0.3160892785 0)
(0.2 0.3160892785 0)
(0.3 0.3160892785 0)
(0.4 0.3160892785 0)
(0.5 0.3160892785 0)
(0.6 0.3160892785 0)
(0.7 0.3160892785 0)
(0.8 0.3160892785 0)
(0.9 0.3160892785 0)
(1 0.3160892785 0)
(1.1 0.3160892785 0)
(1.2 0.3160892785 0)
(1.3 0.3160892785 0)
(1.4 0.3160892785 0)
(1.5 0.3160892785 0)
(1.6 0.3160892785 0)
(1.7 0.3160892785 0)
(1.8 0.3160892785 0)
(1.9 0.3160892785 0)
(2 0.3160892785 0)
(2.1 0.3160892785 0)
(2.2 0.3160892785 0)
(2.3 0.3160892785 0)
(2.4 0.3160892785 0)
(2.5 0.3160892785 0)
(2.6 0.3160892785 0)
(2.7 0.3160892785 0)
(2.8 0.3160892785 0)
(2.9 0.3160892785 0)
(3 0.3160892785 0)
(3.1 0.3160892785 0)
(3.2 0.3160892785 0)
(3.3 0.3160892785 0)
(3.4 0.3160892785 0)
(3.5 0.3160892785 0)
(3.6 0.3160892785 0)
(3.7 0.3160892785 0)
(3.8 0.3160892785 0)
(3.9 0.3160892785 0)
(4 0.3160892785 0)
(0 0.351036782 0)
(0.1 0.351036782 0)
(0.2 0.351036782 0)
(0.3 0.351036782 0)
(0.4 0.351036782 0)
(0.5 0.351036782 0)
(0.6 0.351036782 0)
(0.7 0.351036782 0)
(0.8 0.351036782 0)
(0.9 0.351036782 0)
(1 0.351036782 0)
(1.1 0.351036782 0)
(1.2 0.351036782 0)
(1.3 0.351036782 0)
(1.4 0.351036782 0)
(1.5 0.351036782 0)
(1.6 0.351036782 0)
(1.7 0.351036782 0)
(1.8 0.351036782 0)
(1.9 0.351036782 0)
(2 0.351036782 0)
(2.1 0.351036782 0)
(2.2 0.351036782 0)
(2.3 0.351036782 0)
(2.4 0.351036782 0)
(2.5 0.351036782 0)
(2.6 0.351036782 0)
(2.7 0.351036782 0)
(2.8 0.351036782 0)
(2.9 0.351036782 0)
(3 0.351036782 0)
(3.1 0.351036782 0)
(3.2 0.351036782 0)
(3.3 0.351036782 0)
(3.4 0.351036782 0)
(3.5 0.351036782 0)
(3.6 0.351036782 0)
(3.7 0.351036782 0)
(3.8 0.351036782 0)
(3.9 0.351036782 0)
(4 0.351036782 0)
(0 0.3889609505 0)
(0.1 0.3889609505 0)
(0.2 0.3889609505 0)
(0.3 0.3889609505 0)
(0.4 0.3889609505 0)
(0.5 0.3889609505 0)
(0.6 0.3889609505 0)
(0.7 0.3889609505 0)
(0.8 0.3889609505 0)
(0.9 0.3889609505 0)
(1 0.3889609505 0)
(1.1 0.3889609505 0)
(1.2 0.3889609505 0)
(1.3 0.3889609505 0)
(1.4 0.3889609505 0)
(1.5 0.3889609505 0)
(1.6 0.3889609505 0)
(1.7 0.3889609505 0)
(1.8 0.3889609505 0)
(1.9 0.3889609505 0)
(2 0.3889609505 0)
(2.1 0.3889609505 0)
(2.2 0.3889609505 0)
(2.3 0.3889609505 0)
(2.4 0.3889609505 0)
(2.5 0.3889609505 0)
(2.6 0.3889609505 0)
(2.7 0.3889609505 0)
(2.8 0.3889609505 0)
(2.9 0.3889609505 0)
(3 0.3889609505 0)
(3.1 0.3889609505 0)
(3.2 0.3889609505 0)
(3.3 0.3889609505 0)
(3.4 0.3889609505 0)
(3.5 0.3889609505 0)
(3.6 0.3889609505 0)
(3.7 0.3889609505 0)
(3.8 0.3889609505 0)
(3.9 0.3889609505 0)
(4 0.3889609505 0)
(0 0.4301153224 0)
(0.1 0.4301153224 0)
(0.2 0.4301153224 0)
(0.3 0.4301153224 0)
(0.4 0.4301153224 0)
(0.5 0.4301153224 0)
(0.6 0.4301153224 0)
(0.7 0.4301153224 0)
(0.8 0.4301153224 0)
(0.9 0.4301153224 0)
(1 0.4301153224 0)
(1.1 0.4301153224 0)
(1.2 0.4301153224 0)
(1.3 0.4301153224 0)
(1.4 0.4301153224 0)
(1.5 0.4301153224 0)
(1.6 0.4301153224 0)
(1.7 0.4301153224 0)
(1.8 0.4301153224 0)
(1.9 0.4301153224 0)
(2 0.4301153224 0)
(2.1 0.4301153224 0)
(2.2 0.4301153224 0)
(2.3 0.4301153224 0)
(2.4 0.4301153224 0)
(2.5 0.4301153224 0)
(2.6 0.4301153224 0)
(2.7 0.4301153224 0)
(2.8 0.4301153224 0)
(2.9 0.4301153224 0)
(3 0.4301153224 0)
(3.1 0.4301153224 0)
(3.2 0.4301153224 0)
(3.3 0.4301153224 0)
(3.4 0.4301153224 0)
(3.5 0.4301153224 0)
(3.6 0.4301153224 0)
(3.7 0.4301153224 0)
(3.8 0.4301153224 0)
(3.9 0.4301153224 0)
(4 0.4301153224 0)
(0 0.4747750314 0)
(0.1 0.4747750314 0)
(0.2 0.4747750314 0)
(0.3 0.4747750314 0)
(0.4 0.4747750314 0)
(0.5 0.4747750314 0)
(0.6 0.4747750314 0)
(0.7 0.4747750314 0)
(0.8 0.4747750314 0)
(0.9 0.4747750314 0)
(1 0.4747750314 0)
(1.1 0.4747750314 0)
(1.2 0.4747750314 0)
(1.3 0.4747750314 0)
(1.4 0.4747750314 0)
(1.5 0.4747750314 0)
(1.6 0.4747750314 0)
(1.7 0.4747750314 0)
(1.8 0.4747750314 0)
(1.9 0.4747750314 0)
(2 0.4747750314 0)
(2.1 0.4747750314 0)
(2.2 0.4747750314 0)
(2.3 0.4747750314 0)
(2.4 0.4747750314 0)
(2.5 0.4747750314 0)
(2.6 0.4747750314 0)
(2.7 0.4747750314 0)
(2.8 0.4747750314 0)
(2.9 0.4747750314 0)
(3 0.4747750314 0)
(3.1 0.4747750314 0)
(3.2 0.4747750314 0)
(3.3 0.4747750314 0)
(3.4 0.4747750314 0)
(3.5 0.4747750314 0)
(3.6 0.4747750314 0)
(3.7 0.4747750314 0)
(3.8 0.4747750314 0)
(3.9 0.4747750314 0)
(4 0.4747750314 0)
(0 0.5232386457 0)
(0.1 0.5232386457 0)
(0.2 0.5232386457 0)
(0.3 0.5232386457 0)
(0.4 0.5232386457 0)
(0.5 0.5232386457 0)
(0.6 0.5232386457 0)
(0.7 0.5232386457 0)
(0.8 0.5232386457 0)
(0.9 0.5232386457 0)
(1 0.5232386457 0)
(1.1 0.5232386457 0)
(1.2 0.5232386457 0)
(1.3 0.5232386457 0)
(1.4 0.5232386457 0)
(1.5 0.5232386457 0)
(1.6 0.5232386457 0)
(1.7 0.5232386457 0)
(1.8 0.5232386457 0)
(1.9 0.5232386457 0)
(2 0.5232386457 0)
(2.1 0.5232386457 0)
(2.2 0.5232386457 0)
(2.3 0.5232386457 0)
(2.4 0.5232386457 0)
(2.5 0.5232386457 0)
(2.6 0.5232386457 0)
(2.7 0.5232386457 0)
(2.8 0.5232386457 0)
(2.9 0.5232386457 0)
(3 0.5232386457 0)
(3.1 0.5232386457 0)
(3.2 0.5232386457 0)
(3.3 0.5232386457 0)
(3.4 0.5232386457 0)
(3.5 0.5232386457 0)
(3.6 0.5232386457 0)
(3.7 0.5232386457 0)
(3.8 0.5232386457 0)
(3.9 0.5232386457 0)
(4 0.5232386457 0)
(0 0.5758301641 0)
(0.1 0.5758301641 0)
(0.2 0.5758301641 0)
(0.3 0.5758301641 0)
(0.4 0.5758301641 0)
(0.5 0.5758301641 0)
(0.6 0.5758301641 0)
(0.7 0.5758301641 0)
(0.8 0.5758301641 0)
(0.9 0.5758301641 0)
(1 0.5758301641 0)
(1.1 0.5758301641 0)
(1.2 0.5758301641 0)
(1.3 0.5758301641 0)
(1.4 0.5758301641 0)
(1.5 0.5758301641 0)
(1.6 0.5758301641 0)
(1.7 0.5758301641 0)
(1.8 0.5758301641 0)
(1.9 0.5758301641 0)
(2 0.5758301641 0)
(2.1 0.5758301641 0)
(2.2 0.5758301641 0)
(2.3 0.5758301641 0)
(2.4 0.5758301641 0)
(2.5 0.5758301641 0)
(2.6 0.5758301641 0)
(2.7 0.5758301641 0)
(2.8 0.5758301641 0)
(2.9 0.5758301641 0)
(3 0.5758301641 0)
(3.1 0.5758301641 0)
(3.2 0.5758301641 0)
(3.3 0.5758301641 0)
(3.4 0.5758301641 0)
(3.5 0.5758301641 0)
(3.6 0.5758301641 0)
(3.7 0.5758301641 0)
(3.8 0.5758301641 0)
(3.9 0.5758301641 0)
(4 0.5758301641 0)
(0 0.6329011823 0)
(0.1 0.6329011823 0)
(0.2 0.6329011823 0)
(0.3 0.6329011823 0)
(0.4 0.6329011823 0)
(0.5 0.6329011823 0)
(0.6 0.6329011823 0)
(0.7 0.6329011823 0)
(0.8 0.6329011823 0)
(0.9 0.6329011823 0)
(1 0.6329011823 0)
(1.1 0.6329011823 0)
(1.2 0.6329011823 0)
(1.3 0.6329011823 0)
(1.4 0.6329011823 0)
(1.5 0.6329011823 0)
(1.6 0.6329011823 0)
(1.7 0.6329011823 0)
(1.8 0.6329011823 0)
(1.9 0.6329011823 0)
(2 0.6329011823 0)
(2.1 0.6329011823 0)
(2.2 0.6329011823 0)
(2.3 0.6329011823 0)
(2.4 0.6329011823 0)
(2.5 0.6329011823 0)
(2.6 0.6329011823 0)
(2.7 0.6329011823 0)
(2.8 0.6329011823 0)
(2.9 0.6329011823 0)
(3 0.6329011823 0)
(3.1 0.6329011823 0)
(3.2 0.6329011823 0)
(3.3 0.6329011823 0)
(3.4 0.6329011823 0)
(3.5 0.6329011823 0)
(3.6 0.6329011823 0)
(3.7 0.6329011823 0)
(3.8 0.6329011823 0)
(3.9 0.6329011823 0)
(4 0.6329011823 0)
(0 0.6948332432 0)
(0.1 0.6948332432 0)
(0.2 0.6948332432 0)
(0.3 0.6948332432 0)
(0.4 0.6948332432 0)
(0.5 0.6948332432 0)
(0.6 0.6948332432 0)
(0.7 0.6948332432 0)
(0.8 0.6948332432 0)
(0.9 0.6948332432 0)
(1 0.6948332432 0)
(1.1 0.6948332432 0)
(1.2 0.6948332432 0)
(1.3 0.6948332432 0)
(1.4 0.6948332432 0)
(1.5 0.6948332432 0)
(1.6 0.6948332432 0)
(1.7 0.6948332432 0)
(1.8 0.6948332432 0)
(1.9 0.6948332432 0)
(2 0.6948332432 0)
(2.1 0.6948332432 0)
(2.2 0.6948332432 0)
(2.3 0.6948332432 0)
(2.4 0.6948332432 0)
(2.5 0.6948332432 0)
(2.6 0.6948332432 0)
(2.7 0.6948332432 0)
(2.8 0.6948332432 0)
(2.9 0.6948332432 0)
(3 0.6948332432 0)
(3.1 0.6948332432 0)
(3.2 0.6948332432 0)
(3.3 0.6948332432 0)
(3.4 0.6948332432 0)
(3.5 0.6948332432 0)
(3.6 0.6948332432 0)
(3.7 0.6948332432 0)
(3.8 0.6948332432 0)
(3.9 0.6948332432 0)
(4 0.6948332432 0)
(0 0.7620403875 0)
(0.1 0.7620403875 0)
(0.2 0.7620403875 0)
(0.3 0.7620403875 0)
(0.4 0.7620403875 0)
(0.5 0.7620403875 0)
(0.6 0.7620403875 0)
(0.7 0.7620403875 0)
(0.8 0.7620403875 0)
(0.9 0.7620403875 0)
(1 0.7620403875 0)
(1.1 0.7620403875 0)
(1.2 0.7620403875 0)
(1.3 0.7620403875 0)
(1.4 0.7620403875 0)
(1.5 0.7620403875 0)
(1.6 0.7620403875 0)
(1.7 0.7620403875 0)
(1.8 0.7620403875 0)
(1.9 0.7620403875 0)
(2 0.7620403875 0)
(2.1 0.7620403875 0)
(2.2 0.7620403875 0)
(2.3 0.7620403875 0)
(2.4 0.7620403875 0)
(2.5 0.7620403875 0)
(2.6 0.7620403875 0)
(2.7 0.7620403875 0)
(2.8 0.7620403875 0)
(2.9 0.7620403875 0)
(3 0.7620403875 0)
(3.1 0.7620403875 0)
(3.2 0.7620403875 0)
(3.3 0.7620403875 0)
(3.4 0.7620403875 0)
(3.5 0.7620403875 0)
(3.6 0.7620403875 0)
(3.7 0.7620403875 0)
(3.8 0.7620403875 0)
(3.9 0.7620403875 0)
(4 0.7620403875 0)
(0 0.8349719223 0)
(0.1 0.8349719223 0)
(0.2 0.8349719223 0)
(0.3 0.8349719223 0)
(0.4 0.8349719223 0)
(0.5 0.8349719223 0)
(0.6 0.8349719223 0)
(0.7 0.8349719223 0)
(0.8 0.8349719223 0)
(0.9 0.8349719223 0)
(1 0.8349719223 0)
(1.1 0.8349719223 0)
(1.2 0.8349719223 0)
(1.3 0.8349719223 0)
(1.4 0.8349719223 0)
(1.5 0.8349719223 0)
(1.6 0.8349719223 0)
(1.7 0.8349719223 0)
(1.8 0.8349719223 0)
(1.9 0.8349719223 0)
(2 0.8349719223 0)
(2.1 0.8349719223 0)
(2.2 0.8349719223 0)
(2.3 0.8349719223 0)
(2.4 0.8349719223 0)
(2.5 0.8349719223 0)
(2.6 0.8349719223 0)
(2.7 0.8349719223 0)
(2.8 0.8349719223 0)
(2.9 0.8349719223 0)
(3 0.8349719223 0)
(3.1 0.8349719223 0)
(3.2 0.8349719223 0)
(3.3 0.8349719223 0)
(3.4 0.8349719223 0)
(3.5 0.8349719223 0)
(3.6 0.8349719223 0)
(3.7 0.8349719223 0)
(3.8 0.8349719223 0)
(3.9 0.8349719223 0)
(4 0.8349719223 0)
(0 0.9141154243 0)
(0.1 0.9141154243 0)
(0.2 0.9141154243 0)
(0.3 0.9141154243 0)
(0.4 0.9141154243 0)
(0.5 0.9141154243 0)
(0.6 0.9141154243 0)
(0.7 0.9141154243 0)
(0.8 0.9141154243 0)
(0.9 0.9141154243 0)
(1 0.9141154243 0)
(1.1 0.9141154243 0)
(1.2 0.9141154243 0)
(1.3 0.9141154243 0)
(1.4 0.9141154243 0)
(1.5 0.9141154243 0)
(1.6 0.9141154243 0)
(1.7 0.9141154243 0)
(1.8 0.9141154243 0)
(1.9 0.9141154243 0)
(2 0.9141154243 0)
(2.1 0.9141154243 0)
(2.2 0.9141154243 0)
(2.3 0.9141154243 0)
(2.4 0.9141154243 0)
(2.5 0.9141154243 0)
(2.6 0.9141154243 0)
(2.7 0.9141154243 0)
(2.8 0.9141154243 0)
(2.9 0.9141154243 0)
(3 0.9141154243 0)
(3.1 0.9141154243 0)
(3.2 0.9141154243 0)
(3.3 0.9141154243 0)
(3.4 0.9141154243 0)
(3.5 0.9141154243 0)
(3.6 0.9141154243 0)
(3.7 0.9141154243 0)
(3.8 0.9141154243 0)
(3.9 0.9141154243 0)
(4 0.9141154243 0)
(0 1 0)
(0.1 1 0)
(0.2 1 0)
(0.3 1 0)
(0.4 1 0)
(0.5 1 0)
(0.6 1 0)
(0.7 1 0)
(0.8 1 0)
(0.9 1 0)
(1 1 0)
(1.1 1 0)
(1.2 1 0)
(1.3 1 0)
(1.4 1 0)
(1.5 1 0)
(1.6 1 0)
(1.7 1 0)
(1.8 1 0)
(1.9 1 0)
(2 1 0)
(2.1 1 0)
(2.2 1 0)
(2.3 1 0)
(2.4 1 0)
(2.5 1 0)
(2.6 1 0)
(2.7 1 0)
(2.8 1 0)
(2.9 1 0)
(3 1 0)
(3.1 1 0)
(3.2 1 0)
(3.3 1 0)
(3.4 1 0)
(3.5 1 0)
(3.6 1 0)
(3.7 1 0)
(3.8 1 0)
(3.9 1 0)
(4 1 0)
(0 0 2)
(0.1 0 2)
(0.2 0 2)
(0.3 0 2)
(0.4 0 2)
(0.5 0 2)
(0.6 0 2)
(0.7 0 2)
(0.8 0 2)
(0.9 0 2)
(1 0 2)
(1.1 0 2)
(1.2 0 2)
(1.3 0 2)
(1.4 0 2)
(1.5 0 2)
(1.6 0 2)
(1.7 0 2)
(1.8 0 2)
(1.9 0 2)
(2 0 2)
(2.1 0 2)
(2.2 0 2)
(2.3 0 2)
(2.4 0 2)
(2.5 0 2)
(2.6 0 2)
(2.7 0 2)
(2.8 0 2)
(2.9 0 2)
(3 0 2)
(3.1 0 2)
(3.2 0 2)
(3.3 0 2)
(3.4 0 2)
(3.5 0 2)
(3.6 0 2)
(3.7 0 2)
(3.8 0 2)
(3.9 0 2)
(4 0 2)
(0 0.008024495991 2)
(0.1 0.008024495991 2)
(0.2 0.008024495991 2)
(0.3 0.008024495991 2)
(0.4 0.008024495991 2)
(0.5 0.008024495991 2)
(0.6 0.008024495991 2)
(0.7 0.008024495991 2)
(0.8 0.008024495991 2)
(0.9 0.008024495991 2)
(1 0.008024495991 2)
(1.1 0.008024495991 2)
(1.2 0.008024495991 2)
(1.3 0.008024495991 2)
(1.4 0.008024495991 2)
(1.5 0.008024495991 2)
(1.6 0.008024495991 2)
(1.7 0.008024495991 2)
(1.8 0.008024495991 2)
(1.9 0.008024495991 2)
(2 0.008024495991 2)
(2.1 0.008024495991 2)
(2.2 0.008024495991 2)
(2.3 0.008024495991 2)
(2.4 0.008024495991 2)
(2.5 0.008024495991 2)
(2.6 0.008024495991 2)
(2.7 0.008024495991 2)
(2.8 0.008024495991 2)
(2.9 0.008024495991 2)
(3 0.008024495991 2)
(3.1 0.008024495991 2)
(3.2 0.008024495991 2)
(3.3 0.008024495991 2)
(3.4 0.008024495991 2)
(3.5 0.008024495991 2)
(3.6 0.008024495991 2)
(3.7 0.008024495991 2)
(3.8 0.008024495991 2)
(3.9 0.008024495991 2)
(4 0.008024495991 2)
(0 0.01673248105 2)
(0.1 0.01673248105 2)
(0.2 0.01673248105 2)
(0.3 0.01673248105 2)
(0.4 0.01673248105 2)
(0.5 0.01673248105 2)
(0.6 0.01673248105 2)
(0.7 0.01673248105 2)
(0.8 0.01673248105 2)
(0.9 0.01673248105 2)
(1 0.01673248105 2)
(1.1 0.01673248105 2)
(1.2 0.01673248105 2)
(1.3 0.01673248105 2)
(1.4 0.01673248105 2)
(1.5 0.01673248105 2)
(1.6 0.01673248105 2)
(1.7 0.01673248105 2)
(1.8 0.01673248105 2)
(1.9 0.01673248105 2)
(2 0.01673248105 2)
(2.1 0.01673248105 2)
(2.2 0.01673248105 2)
(2.3 0.01673248105 2)
(2.4 0.01673248105 2)
(2.5 0.01673248105 2)
(2.6 0.01673248105 2)
(2.7 0.01673248105 2)
(2.8 0.01673248105 2)
(2.9 0.01673248105 2)
(3 0.01673248105 2)
(3.1 0.01673248105 2)
(3.2 0.01673248105 2)
(3.3 0.01673248105 2)
(3.4 0.01673248105 2)
(3.5 0.01673248105 2)
(3.6 0.01673248105 2)
(3.7 0.01673248105 2)
(3.8 0.01673248105 2)
(3.9 0.01673248105 2)
(4 0.01673248105 2)
(0 0.02618217157 2)
(0.1 0.02618217157 2)
(0.2 0.02618217157 2)
(0.3 0.02618217157 2)
(0.4 0.02618217157 2)
(0.5 0.02618217157 2)
(0.6 0.02618217157 2)
(0.7 0.02618217157 2)
(0.8 0.02618217157 2)
(0.9 0.02618217157 2)
(1 0.02618217157 2)
(1.1 0.02618217157 2)
(1.2 0.02618217157 2)
(1.3 0.02618217157 2)
(1.4 0.02618217157 2)
(1.5 0.02618217157 2)
(1.6 0.02618217157 2)
(1.7 0.02618217157 2)
(1.8 0.02618217157 2)
(1.9 0.02618217157 2)
(2 0.02618217157 2)
(2.1 0.02618217157 2)
(2.2 0.02618217157 2)
(2.3 0.02618217157 2)
(2.4 0.02618217157 2)
(2.5 0.02618217157 2)
(2.6 0.02618217157 2)
(2.7 0.02618217157 2)
(2.8 0.02618217157 2)
(2.9 0.02618217157 2)
(3 0.02618217157 2)
(3.1 0.02618217157 2)
(3.2 0.02618217157 2)
(3.3 0.02618217157 2)
(3.4 0.02618217157 2)
(3.5 0.02618217157 2)
(3.6 0.02618217157 2)
(3.7 0.02618217157 2)
(3.8 0.02618217157 2)
(3.9 0.02618217157 2)
(4 0.02618217157 2)
(0 0.03643674258 2)
(0.1 0.03643674258 2)
(0.2 0.03643674258 2)
(0.3 0.03643674258 2)
(0.4 0.03643674258 2)
(0.5 0.03643674258 2)
(0.6 0.03643674258 2)
(0.7 0.03643674258 2)
(0.8 0.03643674258 2)
(0.9 0.03643674258 2)
(1 0.03643674258 2)
(1.1 0.03643674258 2)
(1.2 0.03643674258 2)
(1.3 0.03643674258 2)
(1.4 0.03643674258 2)
(1.5 0.03643674258 2)
(1.6 0.03643674258 2)
(1.7 0.03643674258 2)
(1.8 0.03643674258 2)
(1.9 0.03643674258 2)
(2 0.03643674258 2)
(2.1 0.03643674258 2)
(2.2 0.03643674258 2)
(2.3 0.03643674258 2)
(2.4 0.03643674258 2)
(2.5 0.03643674258 2)
(2.6 0.03643674258 2)
(2.7 0.03643674258 2)
(2.8 0.03643674258 2)
(2.9 0.03643674258 2)
(3 0.03643674258 2)
(3.1 0.03643674258 2)
(3.2 0.03643674258 2)
(3.3 0.03643674258 2)
(3.4 0.03643674258 2)
(3.5 0.03643674258 2)
(3.6 0.03643674258 2)
(3.7 0.03643674258 2)
(3.8 0.03643674258 2)
(3.9 0.03643674258 2)
(4 0.03643674258 2)
(0 0.04756475001 2)
(0.1 0.04756475001 2)
(0.2 0.04756475001 2)
(0.3 0.04756475001 2)
(0.4 0.04756475001 2)
(0.5 0.04756475001 2)
(0.6 0.04756475001 2)
(0.7 0.04756475001 2)
(0.8 0.04756475001 2)
(0.9 0.04756475001 2)
(1 0.04756475001 2)
(1.1 0.04756475001 2)
(1.2 0.04756475001 2)
(1.3 0.04756475001 2)
(1.4 0.04756475001 2)
(1.5 0.04756475001 2)
(1.6 0.04756475001 2)
(1.7 0.04756475001 2)
(1.8 0.04756475001 2)
(1.9 0.04756475001 2)
(2 0.04756475001 2)
(2.1 0.04756475001 2)
(2.2 0.04756475001 2)
(2.3 0.04756475001 2)
(2.4 0.04756475001 2)
(2.5 0.04756475001 2)
(2.6 0.04756475001 2)
(2.7 0.04756475001 2)
(2.8 0.04756475001 2)
(2.9 0.04756475001 2)
(3 0.04756475001 2)
(3.1 0.04756475001 2)
(3.2 0.04756475001 2)
(3.3 0.04756475001 2)
(3.4 0.04756475001 2)
(3.5 0.04756475001 2)
(3.6 0.04756475001 2)
(3.7 0.04756475001 2)
(3.8 0.04756475001 2)
(3.9 0.04756475001 2)
(4 0.04756475001 2)
(0 0.05964058911 2)
(0.1 0.05964058911 2)
(0.2 0.05964058911 2)
(0.3 0.05964058911 2)
(0.4 0.05964058911 2)
(0.5 0.05964058911 2)
(0.6 0.05964058911 2)
(0.7 0.05964058911 2)
(0.8 0.05964058911 2)
(0.9 0.05964058911 2)
(1 0.05964058911 2)
(1.1 0.05964058911 2)
(1.2 0.05964058911 2)
(1.3 0.05964058911 2)
(1.4 0.05964058911 2)
(1.5 0.05964058911 2)
(1.6 0.05964058911 2)
(1.7 0.05964058911 2)
(1.8 0.05964058911 2)
(1.9 0.05964058911 2)
(2 0.05964058911 2)
(2.1 0.05964058911 2)
(2.2 0.05964058911 2)
(2.3 0.05964058911 2)
(2.4 0.05964058911 2)
(2.5 0.05964058911 2)
(2.6 0.05964058911 2)
(2.7 0.05964058911 2)
(2.8 0.05964058911 2)
(2.9 0.05964058911 2)
(3 0.05964058911 2)
(3.1 0.05964058911 2)
(3.2 0.05964058911 2)
(3.3 0.05964058911 2)
(3.4 0.05964058911 2)
(3.5 0.05964058911 2)
(3.6 0.05964058911 2)
(3.7 0.05964058911 2)
(3.8 0.05964058911 2)
(3.9 0.05964058911 2)
(4 0.05964058911 2)
(0 0.07274499175 2)
(0.1 0.07274499175 2)
(0.2 0.07274499175 2)
(0.3 0.07274499175 2)
(0.4 0.07274499175 2)
(0.5 0.07274499175 2)
(0.6 0.07274499175 2)
(0.7 0.07274499175 2)
(0.8 0.07274499175 2)
(0.9 0.07274499175 2)
(1 0.07274499175 2)
(1.1 0.07274499175 2)
(1.2 0.07274499175 2)
(1.3 0.07274499175 2)
(1.4 0.07274499175 2)
(1.5 0.07274499175 2)
(1.6 0.07274499175 2)
(1.7 0.07274499175 2)
(1.8 0.07274499175 2)
(1.9 0.07274499175 2)
(2 0.07274499175 2)
(2.1 0.07274499175 2)
(2.2 0.07274499175 2)
(2.3 0.07274499175 2)
(2.4 0.07274499175 2)
(2.5 0.07274499175 2)
(2.6 0.07274499175 2)
(2.7 0.07274499175 2)
(2.8 0.07274499175 2)
(2.9 0.07274499175 2)
(3 0.07274499175 2)
(3.1 0.07274499175 2)
(3.2 0.07274499175 2)
(3.3 0.07274499175 2)
(3.4 0.07274499175 2)
(3.5 0.07274499175 2)
(3.6 0.07274499175 2)
(3.7 0.07274499175 2)
(3.8 0.07274499175 2)
(3.9 0.07274499175 2)
(4 0.07274499175 2)
(0 0.08696556616 2)
(0.1 0.08696556616 2)
(0.2 0.08696556616 2)
(0.3 0.08696556616 2)
(0.4 0.08696556616 2)
(0.5 0.08696556616 2)
(0.6 0.08696556616 2)
(0.7 0.08696556616 2)
(0.8 0.08696556616 2)
(0.9 0.08696556616 2)
(1 0.08696556616 2)
(1.1 0.08696556616 2)
(1.2 0.08696556616 2)
(1.3 0.08696556616 2)
(1.4 0.08696556616 2)
(1.5 0.08696556616 2)
(1.6 0.08696556616 2)
(1.7 0.08696556616 2)
(1.8 0.08696556616 2)
(1.9 0.08696556616 2)
(2 0.08696556616 2)
(2.1 0.08696556616 2)
(2.2 0.08696556616 2)
(2.3 0.08696556616 2)
(2.4 0.08696556616 2)
(2.5 0.08696556616 2)
(2.6 0.08696556616 2)
(2.7 0.08696556616 2)
(2.8 0.08696556616 2)
(2.9 0.08696556616 2)
(3 0.08696556616 2)
(3.1 0.08696556616 2)
(3.2 0.08696556616 2)
(3.3 0.08696556616 2)
(3.4 0.08696556616 2)
(3.5 0.08696556616 2)
(3.6 0.08696556616 2)
(3.7 0.08696556616 2)
(3.8 0.08696556616 2)
(3.9 0.08696556616 2)
(4 0.08696556616 2)
(0 0.1023973826 2)
(0.1 0.1023973826 2)
(0.2 0.1023973826 2)
(0.3 0.1023973826 2)
(0.4 0.1023973826 2)
(0.5 0.1023973826 2)
(0.6 0.1023973826 2)
(0.7 0.1023973826 2)
(0.8 0.1023973826 2)
(0.9 0.1023973826 2)
(1 0.1023973826 2)
(1.1 0.1023973826 2)
(1.2 0.1023973826 2)
(1.3 0.1023973826 2)
(1.4 0.1023973826 2)
(1.5 0.1023973826 2)
(1.6 0.1023973826 2)
(1.7 0.1023973826 2)
(1.8 0.1023973826 2)
(1.9 0.1023973826 2)
(2 0.1023973826 2)
(2.1 0.1023973826 2)
(2.2 0.1023973826 2)
(2.3 0.1023973826 2)
(2.4 0.1023973826 2)
(2.5 0.1023973826 2)
(2.6 0.1023973826 2)
(2.7 0.1023973826 2)
(2.8 0.1023973826 2)
(2.9 0.1023973826 2)
(3 0.1023973826 2)
(3.1 0.1023973826 2)
(3.2 0.1023973826 2)
(3.3 0.1023973826 2)
(3.4 0.1023973826 2)
(3.5 0.1023973826 2)
(3.6 0.1023973826 2)
(3.7 0.1023973826 2)
(3.8 0.1023973826 2)
(3.9 0.1023973826 2)
(4 0.1023973826 2)
(0 0.1191436091 2)
(0.1 0.1191436091 2)
(0.2 0.1191436091 2)
(0.3 0.1191436091 2)
(0.4 0.1191436091 2)
(0.5 0.1191436091 2)
(0.6 0.1191436091 2)
(0.7 0.1191436091 2)
(0.8 0.1191436091 2)
(0.9 0.1191436091 2)
(1 0.1191436091 2)
(1.1 0.1191436091 2)
(1.2 0.1191436091 2)
(1.3 0.1191436091 2)
(1.4 0.1191436091 2)
(1.5 0.1191436091 2)
(1.6 0.1191436091 2)
(1.7 0.1191436091 2)
(1.8 0.1191436091 2)
(1.9 0.1191436091 2)
(2 0.1191436091 2)
(2.1 0.1191436091 2)
(2.2 0.1191436091 2)
(2.3 0.1191436091 2)
(2.4 0.1191436091 2)
(2.5 0.1191436091 2)
(2.6 0.1191436091 2)
(2.7 0.1191436091 2)
(2.8 0.1191436091 2)
(2.9 0.1191436091 2)
(3 0.1191436091 2)
(3.1 0.1191436091 2)
(3.2 0.1191436091 2)
(3.3 0.1191436091 2)
(3.4 0.1191436091 2)
(3.5 0.1191436091 2)
(3.6 0.1191436091 2)
(3.7 0.1191436091 2)
(3.8 0.1191436091 2)
(3.9 0.1191436091 2)
(4 0.1191436091 2)
(0 0.1373162009 2)
(0.1 0.1373162009 2)
(0.2 0.1373162009 2)
(0.3 0.1373162009 2)
(0.4 0.1373162009 2)
(0.5 0.1373162009 2)
(0.6 0.1373162009 2)
(0.7 0.1373162009 2)
(0.8 0.1373162009 2)
(0.9 0.1373162009 2)
(1 0.1373162009 2)
(1.1 0.1373162009 2)
(1.2 0.1373162009 2)
(1.3 0.1373162009 2)
(1.4 0.1373162009 2)
(1.5 0.1373162009 2)
(1.6 0.1373162009 2)
(1.7 0.1373162009 2)
(1.8 0.1373162009 2)
(1.9 0.1373162009 2)
(2 0.1373162009 2)
(2.1 0.1373162009 2)
(2.2 0.1373162009 2)
(2.3 0.1373162009 2)
(2.4 0.1373162009 2)
(2.5 0.1373162009 2)
(2.6 0.1373162009 2)
(2.7 0.1373162009 2)
(2.8 0.1373162009 2)
(2.9 0.1373162009 2)
(3 0.1373162009 2)
(3.1 0.1373162009 2)
(3.2 0.1373162009 2)
(3.3 0.1373162009 2)
(3.4 0.1373162009 2)
(3.5 0.1373162009 2)
(3.6 0.1373162009 2)
(3.7 0.1373162009 2)
(3.8 0.1373162009 2)
(3.9 0.1373162009 2)
(4 0.1373162009 2)
(0 0.1570366492 2)
(0.1 0.1570366492 2)
(0.2 0.1570366492 2)
(0.3 0.1570366492 2)
(0.4 0.1570366492 2)
(0.5 0.1570366492 2)
(0.6 0.1570366492 2)
(0.7 0.1570366492 2)
(0.8 0.1570366492 2)
(0.9 0.1570366492 2)
(1 0.1570366492 2)
(1.1 0.1570366492 2)
(1.2 0.1570366492 2)
(1.3 0.1570366492 2)
(1.4 0.1570366492 2)
(1.5 0.1570366492 2)
(1.6 0.1570366492 2)
(1.7 0.1570366492 2)
(1.8 0.1570366492 2)
(1.9 0.1570366492 2)
(2 0.1570366492 2)
(2.1 0.1570366492 2)
(2.2 0.1570366492 2)
(2.3 0.1570366492 2)
(2.4 0.1570366492 2)
(2.5 0.1570366492 2)
(2.6 0.1570366492 2)
(2.7 0.1570366492 2)
(2.8 0.1570366492 2)
(2.9 0.1570366492 2)
(3 0.1570366492 2)
(3.1 0.1570366492 2)
(3.2 0.1570366492 2)
(3.3 0.1570366492 2)
(3.4 0.1570366492 2)
(3.5 0.1570366492 2)
(3.6 0.1570366492 2)
(3.7 0.1570366492 2)
(3.8 0.1570366492 2)
(3.9 0.1570366492 2)
(4 0.1570366492 2)
(0 0.178436793 2)
(0.1 0.178436793 2)
(0.2 0.178436793 2)
(0.3 0.178436793 2)
(0.4 0.178436793 2)
(0.5 0.178436793 2)
(0.6 0.178436793 2)
(0.7 0.178436793 2)
(0.8 0.178436793 2)
(0.9 0.178436793 2)
(1 0.178436793 2)
(1.1 0.178436793 2)
(1.2 0.178436793 2)
(1.3 0.178436793 2)
(1.4 0.178436793 2)
(1.5 0.178436793 2)
(1.6 0.178436793 2)
(1.7 0.178436793 2)
(1.8 0.178436793 2)
(1.9 0.178436793 2)
(2 0.178436793 2)
(2.1 0.178436793 2)
(2.2 0.178436793 2)
(2.3 0.178436793 2)
(2.4 0.178436793 2)
(2.5 0.178436793 2)
(2.6 0.178436793 2)
(2.7 0.178436793 2)
(2.8 0.178436793 2)
(2.9 0.178436793 2)
(3 0.178436793 2)
(3.1 0.178436793 2)
(3.2 0.178436793 2)
(3.3 0.178436793 2)
(3.4 0.178436793 2)
(3.5 0.178436793 2)
(3.6 0.178436793 2)
(3.7 0.178436793 2)
(3.8 0.178436793 2)
(3.9 0.178436793 2)
(4 0.178436793 2)
(0 0.2016597011 2)
(0.1 0.2016597011 2)
(0.2 0.2016597011 2)
(0.3 0.2016597011 2)
(0.4 0.2016597011 2)
(0.5 0.2016597011 2)
(0.6 0.2016597011 2)
(0.7 0.2016597011 2)
(0.8 0.2016597011 2)
(0.9 0.2016597011 2)
(1 0.2016597011 2)
(1.1 0.2016597011 2)
(1.2 0.2016597011 2)
(1.3 0.2016597011 2)
(1.4 0.2016597011 2)
(1.5 0.2016597011 2)
(1.6 0.2016597011 2)
(1.7 0.2016597011 2)
(1.8 0.2016597011 2)
(1.9 0.2016597011 2)
(2 0.2016597011 2)
(2.1 0.2016597011 2)
(2.2 0.2016597011 2)
(2.3 0.2016597011 2)
(2.4 0.2016597011 2)
(2.5 0.2016597011 2)
(2.6 0.2016597011 2)
(2.7 0.2016597011 2)
(2.8 0.2016597011 2)
(2.9 0.2016597011 2)
(3 0.2016597011 2)
(3.1 0.2016597011 2)
(3.2 0.2016597011 2)
(3.3 0.2016597011 2)
(3.4 0.2016597011 2)
(3.5 0.2016597011 2)
(3.6 0.2016597011 2)
(3.7 0.2016597011 2)
(3.8 0.2016597011 2)
(3.9 0.2016597011 2)
(4 0.2016597011 2)
(0 0.226860628 2)
(0.1 0.226860628 2)
(0.2 0.226860628 2)
(0.3 0.226860628 2)
(0.4 0.226860628 2)
(0.5 0.226860628 2)
(0.6 0.226860628 2)
(0.7 0.226860628 2)
(0.8 0.226860628 2)
(0.9 0.226860628 2)
(1 0.226860628 2)
(1.1 0.226860628 2)
(1.2 0.226860628 2)
(1.3 0.226860628 2)
(1.4 0.226860628 2)
(1.5 0.226860628 2)
(1.6 0.226860628 2)
(1.7 0.226860628 2)
(1.8 0.226860628 2)
(1.9 0.226860628 2)
(2 0.226860628 2)
(2.1 0.226860628 2)
(2.2 0.226860628 2)
(2.3 0.226860628 2)
(2.4 0.226860628 2)
(2.5 0.226860628 2)
(2.6 0.226860628 2)
(2.7 0.226860628 2)
(2.8 0.226860628 2)
(2.9 0.226860628 2)
(3 0.226860628 2)
(3.1 0.226860628 2)
(3.2 0.226860628 2)
(3.3 0.226860628 2)
(3.4 0.226860628 2)
(3.5 0.226860628 2)
(3.6 0.226860628 2)
(3.7 0.226860628 2)
(3.8 0.226860628 2)
(3.9 0.226860628 2)
(4 0.226860628 2)
(0 0.254208052 2)
(0.1 0.254208052 2)
(0.2 0.254208052 2)
(0.3 0.254208052 2)
(0.4 0.254208052 2)
(0.5 0.254208052 2)
(0.6 0.254208052 2)
(0.7 0.254208052 2)
(0.8 0.254208052 2)
(0.9 0.254208052 2)
(1 0.254208052 2)
(1.1 0.254208052 2)
(1.2 0.254208052 2)
(1.3 0.254208052 2)
(1.4 0.254208052 2)
(1.5 0.254208052 2)
(1.6 0.254208052 2)
(1.7 0.254208052 2)
(1.8 0.254208052 2)
(1.9 0.254208052 2)
(2 0.254208052 2)
(2.1 0.254208052 2)
(2.2 0.254208052 2)
(2.3 0.254208052 2)
(2.4 0.254208052 2)
(2.5 0.254208052 2)
(2.6 0.254208052 2)
(2.7 0.254208052 2)
(2.8 0.254208052 2)
(2.9 0.254208052 2)
(3 0.254208052 2)
(3.1 0.254208052 2)
(3.2 0.254208052 2)
(3.3 0.254208052 2)
(3.4 0.254208052 2)
(3.5 0.254208052 2)
(3.6 0.254208052 2)
(3.7 0.254208052 2)
(3.8 0.254208052 2)
(3.9 0.254208052 2)
(4 0.254208052 2)
(0 0.2838848018 2)
(0.1 0.2838848018 2)
(0.2 0.2838848018 2)
(0.3 0.2838848018 2)
(0.4 0.2838848018 2)
(0.5 0.2838848018 2)
(0.6 0.2838848018 2)
(0.7 0.2838848018 2)
(0.8 0.2838848018 2)
(0.9 0.2838848018 2)
(1 0.2838848018 2)
(1.1 0.2838848018 2)
(1.2 0.2838848018 2)
(1.3 0.2838848018 2)
(1.4 0.2838848018 2)
(1.5 0.2838848018 2)
(1.6 0.2838848018 2)
(1.7 0.2838848018 2)
(1.8 0.2838848018 2)
(1.9 0.2838848018 2)
(2 0.2838848018 2)
(2.1 0.2838848018 2)
(2.2 0.2838848018 2)
(2.3 0.2838848018 2)
(2.4 0.2838848018 2)
(2.5 0.2838848018 2)
(2.6 0.2838848018 2)
(2.7 0.2838848018 2)
(2.8 0.2838848018 2)
(2.9 0.2838848018 2)
(3 0.2838848018 2)
(3.1 0.2838848018 2)
(3.2 0.2838848018 2)
(3.3 0.2838848018 2)
(3.4 0.2838848018 2)
(3.5 0.2838848018 2)
(3.6 0.2838848018 2)
(3.7 0.2838848018 2)
(3.8 0.2838848018 2)
(3.9 0.2838848018 2)
(4 0.2838848018 2)
(0 0.3160892785 2)
(0.1 0.3160892785 2)
(0.2 0.3160892785 2)
(0.3 0.3160892785 2)
(0.4 0.3160892785 2)
(0.5 0.3160892785 2)
(0.6 0.3160892785 2)
(0.7 0.3160892785 2)
(0.8 0.3160892785 2)
(0.9 0.3160892785 2)
(1 0.3160892785 2)
(1.1 0.3160892785 2)
(1.2 0.3160892785 2)
(1.3 0.3160892785 2)
(1.4 0.3160892785 2)
(1.5 0.3160892785 2)
(1.6 0.3160892785 2)
(1.7 0.3160892785 2)
(1.8 0.3160892785 2)
(1.9 0.3160892785 2)
(2 0.3160892785 2)
(2.1 0.3160892785 2)
(2.2 0.3160892785 2)
(2.3 0.3160892785 2)
(2.4 0.3160892785 2)
(2.5 0.3160892785 2)
(2.6 0.3160892785 2)
(2.7 0.3160892785 2)
(2.8 0.3160892785 2)
(2.9 0.3160892785 2)
(3 0.3160892785 2)
(3.1 0.3160892785 2)
(3.2 0.3160892785 2)
(3.3 0.3160892785 2)
(3.4 0.3160892785 2)
(3.5 0.3160892785 2)
(3.6 0.3160892785 2)
(3.7 0.3160892785 2)
(3.8 0.3160892785 2)
(3.9 0.3160892785 2)
(4 0.3160892785 2)
(0 0.351036782 2)
(0.1 0.351036782 2)
(0.2 0.351036782 2)
(0.3 0.351036782 2)
(0.4 0.351036782 2)
(0.5 0.351036782 2)
(0.6 0.351036782 2)
(0.7 0.351036782 2)
(0.8 0.351036782 2)
(0.9 0.351036782 2)
(1 0.351036782 2)
(1.1 0.351036782 2)
(1.2 0.351036782 2)
(1.3 0.351036782 2)
(1.4 0.351036782 2)
(1.5 0.351036782 2)
(1.6 0.351036782 2)
(1.7 0.351036782 2)
(1.8 0.351036782 2)
(1.9 0.351036782 2)
(2 0.351036782 2)
(2.1 0.351036782 2)
(2.2 0.351036782 2)
(2.3 0.351036782 2)
(2.4 0.351036782 2)
(2.5 0.351036782 2)
(2.6 0.351036782 2)
(2.7 0.351036782 2)
(2.8 0.351036782 2)
(2.9 0.351036782 2)
(3 0.351036782 2)
(3.1 0.351036782 2)
(3.2 0.351036782 2)
(3.3 0.351036782 2)
(3.4 0.351036782 2)
(3.5 0.351036782 2)
(3.6 0.351036782 2)
(3.7 0.351036782 2)
(3.8 0.351036782 2)
(3.9 0.351036782 2)
(4 0.351036782 2)
(0 0.3889609505 2)
(0.1 0.3889609505 2)
(0.2 0.3889609505 2)
(0.3 0.3889609505 2)
(0.4 0.3889609505 2)
(0.5 0.3889609505 2)
(0.6 0.3889609505 2)
(0.7 0.3889609505 2)
(0.8 0.3889609505 2)
(0.9 0.3889609505 2)
(1 0.3889609505 2)
(1.1 0.3889609505 2)
(1.2 0.3889609505 2)
(1.3 0.3889609505 2)
(1.4 0.3889609505 2)
(1.5 0.3889609505 2)
(1.6 0.3889609505 2)
(1.7 0.3889609505 2)
(1.8 0.3889609505 2)
(1.9 0.3889609505 2)
(2 0.3889609505 2)
(2.1 0.3889609505 2)
(2.2 0.3889609505 2)
(2.3 0.3889609505 2)
(2.4 0.3889609505 2)
(2.5 0.3889609505 2)
(2.6 0.3889609505 2)
(2.7 0.3889609505 2)
(2.8 0.3889609505 2)
(2.9 0.3889609505 2)
(3 0.3889609505 2)
(3.1 0.3889609505 2)
(3.2 0.3889609505 2)
(3.3 0.3889609505 2)
(3.4 0.3889609505 2)
(3.5 0.3889609505 2)
(3.6 0.3889609505 2)
(3.7 0.3889609505 2)
(3.8 0.3889609505 2)
(3.9 0.3889609505 2)
(4 0.3889609505 2)
(0 0.4301153224 2)
(0.1 0.4301153224 2)
(0.2 0.4301153224 2)
(0.3 0.4301153224 2)
(0.4 0.4301153224 2)
(0.5 0.4301153224 2)
(0.6 0.4301153224 2)
(0.7 0.4301153224 2)
(0.8 0.4301153224 2)
(0.9 0.4301153224 2)
(1 0.4301153224 2)
(1.1 0.4301153224 2)
(1.2 0.4301153224 2)
(1.3 0.4301153224 2)
(1.4 0.4301153224 2)
(1.5 0.4301153224 2)
(1.6 0.4301153224 2)
(1.7 0.4301153224 2)
(1.8 0.4301153224 2)
(1.9 0.4301153224 2)
(2 0.4301153224 2)
(2.1 0.4301153224 2)
(2.2 0.4301153224 2)
(2.3 0.4301153224 2)
(2.4 0.4301153224 2)
(2.5 0.4301153224 2)
(2.6 0.4301153224 2)
(2.7 0.4301153224 2)
(2.8 0.4301153224 2)
(2.9 0.4301153224 2)
(3 0.4301153224 2)
(3.1 0.4301153224 2)
(3.2 0.4301153224 2)
(3.3 0.4301153224 2)
(3.4 0.4301153224 2)
(3.5 0.4301153224 2)
(3.6 0.4301153224 2)
(3.7 0.4301153224 2)
(3.8 0.4301153224 2)
(3.9 0.4301153224 2)
(4 0.4301153224 2)
(0 0.4747750314 2)
(0.1 0.4747750314 2)
(0.2 0.4747750314 2)
(0.3 0.4747750314 2)
(0.4 0.4747750314 2)
(0.5 0.4747750314 2)
(0.6 0.4747750314 2)
(0.7 0.4747750314 2)
(0.8 0.4747750314 2)
(0.9 0.4747750314 2)
(1 0.4747750314 2)
(1.1 0.4747750314 2)
(1.2 0.4747750314 2)
(1.3 0.4747750314 2)
(1.4 0.4747750314 2)
(1.5 0.4747750314 2)
(1.6 0.4747750314 2)
(1.7 0.4747750314 2)
(1.8 0.4747750314 2)
(1.9 0.4747750314 2)
(2 0.4747750314 2)
(2.1 0.4747750314 2)
(2.2 0.4747750314 2)
(2.3 0.4747750314 2)
(2.4 0.4747750314 2)
(2.5 0.4747750314 2)
(2.6 0.4747750314 2)
(2.7 0.4747750314 2)
(2.8 0.4747750314 2)
(2.9 0.4747750314 2)
(3 0.4747750314 2)
(3.1 0.4747750314 2)
(3.2 0.4747750314 2)
(3.3 0.4747750314 2)
(3.4 0.4747750314 2)
(3.5 0.4747750314 2)
(3.6 0.4747750314 2)
(3.7 0.4747750314 2)
(3.8 0.4747750314 2)
(3.9 0.4747750314 2)
(4 0.4747750314 2)
(0 0.5232386457 2)
(0.1 0.5232386457 2)
(0.2 0.5232386457 2)
(0.3 0.5232386457 2)
(0.4 0.5232386457 2)
(0.5 0.5232386457 2)
(0.6 0.5232386457 2)
(0.7 0.5232386457 2)
(0.8 0.5232386457 2)
(0.9 0.5232386457 2)
(1 0.5232386457 2)
(1.1 0.5232386457 2)
(1.2 0.5232386457 2)
(1.3 0.5232386457 2)
(1.4 0.5232386457 2)
(1.5 0.5232386457 2)
(1.6 0.5232386457 2)
(1.7 0.5232386457 2)
(1.8 0.5232386457 2)
(1.9 0.5232386457 2)
(2 0.5232386457 2)
(2.1 0.5232386457 2)
(2.2 0.5232386457 2)
(2.3 0.5232386457 2)
(2.4 0.5232386457 2)
(2.5 0.5232386457 2)
(2.6 0.5232386457 2)
(2.7 0.5232386457 2)
(2.8 0.5232386457 2)
(2.9 0.5232386457 2)
(3 0.5232386457 2)
(3.1 0.5232386457 2)
(3.2 0.5232386457 2)
(3.3 0.5232386457 2)
(3.4 0.5232386457 2)
(3.5 0.5232386457 2)
(3.6 0.5232386457 2)
(3.7 0.5232386457 2)
(3.8 0.5232386457 2)
(3.9 0.5232386457 2)
(4 0.5232386457 2)
(0 0.5758301641 2)
(0.1 0.5758301641 2)
(0.2 0.5758301641 2)
(0.3 0.5758301641 2)
(0.4 0.5758301641 2)
(0.5 0.5758301641 2)
(0.6 0.5758301641 2)
(0.7 0.5758301641 2)
(0.8 0.5758301641 2)
(0.9 0.5758301641 2)
(1 0.5758301641 2)
(1.1 0.5758301641 2)
(1.2 0.5758301641 2)
(1.3 0.5758301641 2)
(1.4 0.5758301641 2)
(1.5 0.5758301641 2)
(1.6 0.5758301641 2)
(1.7 0.5758301641 2)
(1.8 0.5758301641 2)
(1.9 0.5758301641 2)
(2 0.5758301641 2)
(2.1 0.5758301641 2)
(2.2 0.5758301641 2)
(2.3 0.5758301641 2)
(2.4 0.5758301641 2)
(2.5 0.5758301641 2)
(2.6 0.5758301641 2)
(2.7 0.5758301641 2)
(2.8 0.5758301641 2)
(2.9 0.5758301641 2)
(3 0.5758301641 2)
(3.1 0.5758301641 2)
(3.2 0.5758301641 2)
(3.3 0.5758301641 2)
(3.4 0.5758301641 2)
(3.5 0.5758301641 2)
(3.6 0.5758301641 2)
(3.7 0.5758301641 2)
(3.8 0.5758301641 2)
(3.9 0.5758301641 2)
(4 0.5758301641 2)
(0 0.6329011823 2)
(0.1 0.6329011823 2)
(0.2 0.6329011823 2)
(0.3 0.6329011823 2)
(0.4 0.6329011823 2)
(0.5 0.6329011823 2)
(0.6 0.6329011823 2)
(0.7 0.6329011823 2)
(0.8 0.6329011823 2)
(0.9 0.6329011823 2)
(1 0.6329011823 2)
(1.1 0.6329011823 2)
(1.2 0.6329011823 2)
(1.3 0.6329011823 2)
(1.4 0.6329011823 2)
(1.5 0.6329011823 2)
(1.6 0.6329011823 2)
(1.7 0.6329011823 2)
(1.8 0.6329011823 2)
(1.9 0.6329011823 2)
(2 0.6329011823 2)
(2.1 0.6329011823 2)
(2.2 0.6329011823 2)
(2.3 0.6329011823 2)
(2.4 0.6329011823 2)
(2.5 0.6329011823 2)
(2.6 0.6329011823 2)
(2.7 0.6329011823 2)
(2.8 0.6329011823 2)
(2.9 0.6329011823 2)
(3 0.6329011823 2)
(3.1 0.6329011823 2)
(3.2 0.6329011823 2)
(3.3 0.6329011823 2)
(3.4 0.6329011823 2)
(3.5 0.6329011823 2)
(3.6 0.6329011823 2)
(3.7 0.6329011823 2)
(3.8 0.6329011823 2)
(3.9 0.6329011823 2)
(4 0.6329011823 2)
(0 0.6948332432 2)
(0.1 0.6948332432 2)
(0.2 0.6948332432 2)
(0.3 0.6948332432 2)
(0.4 0.6948332432 2)
(0.5 0.6948332432 2)
(0.6 0.6948332432 2)
(0.7 0.6948332432 2)
(0.8 0.6948332432 2)
(0.9 0.6948332432 2)
(1 0.6948332432 2)
(1.1 0.6948332432 2)
(1.2 0.6948332432 2)
(1.3 0.6948332432 2)
(1.4 0.6948332432 2)
(1.5 0.6948332432 2)
(1.6 0.6948332432 2)
(1.7 0.6948332432 2)
(1.8 0.6948332432 2)
(1.9 0.6948332432 2)
(2 0.6948332432 2)
(2.1 0.6948332432 2)
(2.2 0.6948332432 2)
(2.3 0.6948332432 2)
(2.4 0.6948332432 2)
(2.5 0.6948332432 2)
(2.6 0.6948332432 2)
(2.7 0.6948332432 2)
(2.8 0.6948332432 2)
(2.9 0.6948332432 2)
(3 0.6948332432 2)
(3.1 0.6948332432 2)
(3.2 0.6948332432 2)
(3.3 0.6948332432 2)
(3.4 0.6948332432 2)
(3.5 0.6948332432 2)
(3.6 0.6948332432 2)
(3.7 0.6948332432 2)
(3.8 0.6948332432 2)
(3.9 0.6948332432 2)
(4 0.6948332432 2)
(0 0.7620403875 2)
(0.1 0.7620403875 2)
(0.2 0.7620403875 2)
(0.3 0.7620403875 2)
(0.4 0.7620403875 2)
(0.5 0.7620403875 2)
(0.6 0.7620403875 2)
(0.7 0.7620403875 2)
(0.8 0.7620403875 2)
(0.9 0.7620403875 2)
(1 0.7620403875 2)
(1.1 0.7620403875 2)
(1.2 0.7620403875 2)
(1.3 0.7620403875 2)
(1.4 0.7620403875 2)
(1.5 0.7620403875 2)
(1.6 0.7620403875 2)
(1.7 0.7620403875 2)
(1.8 0.7620403875 2)
(1.9 0.7620403875 2)
(2 0.7620403875 2)
(2.1 0.7620403875 2)
(2.2 0.7620403875 2)
(2.3 0.7620403875 2)
(2.4 0.7620403875 2)
(2.5 0.7620403875 2)
(2.6 0.7620403875 2)
(2.7 0.7620403875 2)
(2.8 0.7620403875 2)
(2.9 0.7620403875 2)
(3 0.7620403875 2)
(3.1 0.7620403875 2)
(3.2 0.7620403875 2)
(3.3 0.7620403875 2)
(3.4 0.7620403875 2)
(3.5 0.7620403875 2)
(3.6 0.7620403875 2)
(3.7 0.7620403875 2)
(3.8 0.7620403875 2)
(3.9 0.7620403875 2)
(4 0.7620403875 2)
(0 0.8349719223 2)
(0.1 0.8349719223 2)
(0.2 0.8349719223 2)
(0.3 0.8349719223 2)
(0.4 0.8349719223 2)
(0.5 0.8349719223 2)
(0.6 0.8349719223 2)
(0.7 0.8349719223 2)
(0.8 0.8349719223 2)
(0.9 0.8349719223 2)
(1 0.8349719223 2)
(1.1 0.8349719223 2)
(1.2 0.8349719223 2)
(1.3 0.8349719223 2)
(1.4 0.8349719223 2)
(1.5 0.8349719223 2)
(1.6 0.8349719223 2)
(1.7 0.8349719223 2)
(1.8 0.8349719223 2)
(1.9 0.8349719223 2)
(2 0.8349719223 2)
(2.1 0.8349719223 2)
(2.2 0.8349719223 2)
(2.3 0.8349719223 2)
(2.4 0.8349719223 2)
(2.5 0.8349719223 2)
(2.6 0.8349719223 2)
(2.7 0.8349719223 2)
(2.8 0.8349719223 2)
(2.9 0.8349719223 2)
(3 0.8349719223 2)
(3.1 0.8349719223 2)
(3.2 0.8349719223 2)
(3.3 0.8349719223 2)
(3.4 0.8349719223 2)
(3.5 0.8349719223 2)
(3.6 0.8349719223 2)
(3.7 0.8349719223 2)
(3.8 0.8349719223 2)
(3.9 0.8349719223 2)
(4 0.8349719223 2)
(0 0.9141154243 2)
(0.1 0.9141154243 2)
(0.2 0.9141154243 2)
(0.3 0.9141154243 2)
(0.4 0.9141154243 2)
(0.5 0.9141154243 2)
(0.6 0.9141154243 2)
(0.7 0.9141154243 2)
(0.8 0.9141154243 2)
(0.9 0.9141154243 2)
(1 0.9141154243 2)
(1.1 0.9141154243 2)
(1.2 0.9141154243 2)
(1.3 0.9141154243 2)
(1.4 0.9141154243 2)
(1.5 0.9141154243 2)
(1.6 0.9141154243 2)
(1.7 0.9141154243 2)
(1.8 0.9141154243 2)
(1.9 0.9141154243 2)
(2 0.9141154243 2)
(2.1 0.9141154243 2)
(2.2 0.9141154243 2)
(2.3 0.9141154243 2)
(2.4 0.9141154243 2)
(2.5 0.9141154243 2)
(2.6 0.9141154243 2)
(2.7 0.9141154243 2)
(2.8 0.9141154243 2)
(2.9 0.9141154243 2)
(3 0.9141154243 2)
(3.1 0.9141154243 2)
(3.2 0.9141154243 2)
(3.3 0.9141154243 2)
(3.4 0.9141154243 2)
(3.5 0.9141154243 2)
(3.6 0.9141154243 2)
(3.7 0.9141154243 2)
(3.8 0.9141154243 2)
(3.9 0.9141154243 2)
(4 0.9141154243 2)
(0 1 2)
(0.1 1 2)
(0.2 1 2)
(0.3 1 2)
(0.4 1 2)
(0.5 1 2)
(0.6 1 2)
(0.7 1 2)
(0.8 1 2)
(0.9 1 2)
(1 1 2)
(1.1 1 2)
(1.2 1 2)
(1.3 1 2)
(1.4 1 2)
(1.5 1 2)
(1.6 1 2)
(1.7 1 2)
(1.8 1 2)
(1.9 1 2)
(2 1 2)
(2.1 1 2)
(2.2 1 2)
(2.3 1 2)
(2.4 1 2)
(2.5 1 2)
(2.6 1 2)
(2.7 1 2)
(2.8 1 2)
(2.9 1 2)
(3 1 2)
(3.1 1 2)
(3.2 1 2)
(3.3 1 2)
(3.4 1 2)
(3.5 1 2)
(3.6 1 2)
(3.7 1 2)
(3.8 1 2)
(3.9 1 2)
(4 1 2)
(0 1.085894041 0)
(0.1 1.085894041 0)
(0.2 1.085894041 0)
(0.3 1.085894041 0)
(0.4 1.085894041 0)
(0.5 1.085894041 0)
(0.6 1.085894041 0)
(0.7 1.085894041 0)
(0.8 1.085894041 0)
(0.9 1.085894041 0)
(1 1.085894041 0)
(1.1 1.085894041 0)
(1.2 1.085894041 0)
(1.3 1.085894041 0)
(1.4 1.085894041 0)
(1.5 1.085894041 0)
(1.6 1.085894041 0)
(1.7 1.085894041 0)
(1.8 1.085894041 0)
(1.9 1.085894041 0)
(2 1.085894041 0)
(2.1 1.085894041 0)
(2.2 1.085894041 0)
(2.3 1.085894041 0)
(2.4 1.085894041 0)
(2.5 1.085894041 0)
(2.6 1.085894041 0)
(2.7 1.085894041 0)
(2.8 1.085894041 0)
(2.9 1.085894041 0)
(3 1.085894041 0)
(3.1 1.085894041 0)
(3.2 1.085894041 0)
(3.3 1.085894041 0)
(3.4 1.085894041 0)
(3.5 1.085894041 0)
(3.6 1.085894041 0)
(3.7 1.085894041 0)
(3.8 1.085894041 0)
(3.9 1.085894041 0)
(4 1.085894041 0)
(0 1.165045287 0)
(0.1 1.165045287 0)
(0.2 1.165045287 0)
(0.3 1.165045287 0)
(0.4 1.165045287 0)
(0.5 1.165045287 0)
(0.6 1.165045287 0)
(0.7 1.165045287 0)
(0.8 1.165045287 0)
(0.9 1.165045287 0)
(1 1.165045287 0)
(1.1 1.165045287 0)
(1.2 1.165045287 0)
(1.3 1.165045287 0)
(1.4 1.165045287 0)
(1.5 1.165045287 0)
(1.6 1.165045287 0)
(1.7 1.165045287 0)
(1.8 1.165045287 0)
(1.9 1.165045287 0)
(2 1.165045287 0)
(2.1 1.165045287 0)
(2.2 1.165045287 0)
(2.3 1.165045287 0)
(2.4 1.165045287 0)
(2.5 1.165045287 0)
(2.6 1.165045287 0)
(2.7 1.165045287 0)
(2.8 1.165045287 0)
(2.9 1.165045287 0)
(3 1.165045287 0)
(3.1 1.165045287 0)
(3.2 1.165045287 0)
(3.3 1.165045287 0)
(3.4 1.165045287 0)
(3.5 1.165045287 0)
(3.6 1.165045287 0)
(3.7 1.165045287 0)
(3.8 1.165045287 0)
(3.9 1.165045287 0)
(4 1.165045287 0)
(0 1.237983057 0)
(0.1 1.237983057 0)
(0.2 1.237983057 0)
(0.3 1.237983057 0)
(0.4 1.237983057 0)
(0.5 1.237983057 0)
(0.6 1.237983057 0)
(0.7 1.237983057 0)
(0.8 1.237983057 0)
(0.9 1.237983057 0)
(1 1.237983057 0)
(1.1 1.237983057 0)
(1.2 1.237983057 0)
(1.3 1.237983057 0)
(1.4 1.237983057 0)
(1.5 1.237983057 0)
(1.6 1.237983057 0)
(1.7 1.237983057 0)
(1.8 1.237983057 0)
(1.9 1.237983057 0)
(2 1.237983057 0)
(2.1 1.237983057 0)
(2.2 1.237983057 0)
(2.3 1.237983057 0)
(2.4 1.237983057 0)
(2.5 1.237983057 0)
(2.6 1.237983057 0)
(2.7 1.237983057 0)
(2.8 1.237983057 0)
(2.9 1.237983057 0)
(3 1.237983057 0)
(3.1 1.237983057 0)
(3.2 1.237983057 0)
(3.3 1.237983057 0)
(3.4 1.237983057 0)
(3.5 1.237983057 0)
(3.6 1.237983057 0)
(3.7 1.237983057 0)
(3.8 1.237983057 0)
(3.9 1.237983057 0)
(4 1.237983057 0)
(0 1.305195115 0)
(0.1 1.305195115 0)
(0.2 1.305195115 0)
(0.3 1.305195115 0)
(0.4 1.305195115 0)
(0.5 1.305195115 0)
(0.6 1.305195115 0)
(0.7 1.305195115 0)
(0.8 1.305195115 0)
(0.9 1.305195115 0)
(1 1.305195115 0)
(1.1 1.305195115 0)
(1.2 1.305195115 0)
(1.3 1.305195115 0)
(1.4 1.305195115 0)
(1.5 1.305195115 0)
(1.6 1.305195115 0)
(1.7 1.305195115 0)
(1.8 1.305195115 0)
(1.9 1.305195115 0)
(2 1.305195115 0)
(2.1 1.305195115 0)
(2.2 1.305195115 0)
(2.3 1.305195115 0)
(2.4 1.305195115 0)
(2.5 1.305195115 0)
(2.6 1.305195115 0)
(2.7 1.305195115 0)
(2.8 1.305195115 0)
(2.9 1.305195115 0)
(3 1.305195115 0)
(3.1 1.305195115 0)
(3.2 1.305195115 0)
(3.3 1.305195115 0)
(3.4 1.305195115 0)
(3.5 1.305195115 0)
(3.6 1.305195115 0)
(3.7 1.305195115 0)
(3.8 1.305195115 0)
(3.9 1.305195115 0)
(4 1.305195115 0)
(0 1.367130938 0)
(0.1 1.367130938 0)
(0.2 1.367130938 0)
(0.3 1.367130938 0)
(0.4 1.367130938 0)
(0.5 1.367130938 0)
(0.6 1.367130938 0)
(0.7 1.367130938 0)
(0.8 1.367130938 0)
(0.9 1.367130938 0)
(1 1.367130938 0)
(1.1 1.367130938 0)
(1.2 1.367130938 0)
(1.3 1.367130938 0)
(1.4 1.367130938 0)
(1.5 1.367130938 0)
(1.6 1.367130938 0)
(1.7 1.367130938 0)
(1.8 1.367130938 0)
(1.9 1.367130938 0)
(2 1.367130938 0)
(2.1 1.367130938 0)
(2.2 1.367130938 0)
(2.3 1.367130938 0)
(2.4 1.367130938 0)
(2.5 1.367130938 0)
(2.6 1.367130938 0)
(2.7 1.367130938 0)
(2.8 1.367130938 0)
(2.9 1.367130938 0)
(3 1.367130938 0)
(3.1 1.367130938 0)
(3.2 1.367130938 0)
(3.3 1.367130938 0)
(3.4 1.367130938 0)
(3.5 1.367130938 0)
(3.6 1.367130938 0)
(3.7 1.367130938 0)
(3.8 1.367130938 0)
(3.9 1.367130938 0)
(4 1.367130938 0)
(0 1.424204718 0)
(0.1 1.424204718 0)
(0.2 1.424204718 0)
(0.3 1.424204718 0)
(0.4 1.424204718 0)
(0.5 1.424204718 0)
(0.6 1.424204718 0)
(0.7 1.424204718 0)
(0.8 1.424204718 0)
(0.9 1.424204718 0)
(1 1.424204718 0)
(1.1 1.424204718 0)
(1.2 1.424204718 0)
(1.3 1.424204718 0)
(1.4 1.424204718 0)
(1.5 1.424204718 0)
(1.6 1.424204718 0)
(1.7 1.424204718 0)
(1.8 1.424204718 0)
(1.9 1.424204718 0)
(2 1.424204718 0)
(2.1 1.424204718 0)
(2.2 1.424204718 0)
(2.3 1.424204718 0)
(2.4 1.424204718 0)
(2.5 1.424204718 0)
(2.6 1.424204718 0)
(2.7 1.424204718 0)
(2.8 1.424204718 0)
(2.9 1.424204718 0)
(3 1.424204718 0)
(3.1 1.424204718 0)
(3.2 1.424204718 0)
(3.3 1.424204718 0)
(3.4 1.424204718 0)
(3.5 1.424204718 0)
(3.6 1.424204718 0)
(3.7 1.424204718 0)
(3.8 1.424204718 0)
(3.9 1.424204718 0)
(4 1.424204718 0)
(0 1.476798131 0)
(0.1 1.476798131 0)
(0.2 1.476798131 0)
(0.3 1.476798131 0)
(0.4 1.476798131 0)
(0.5 1.476798131 0)
(0.6 1.476798131 0)
(0.7 1.476798131 0)
(0.8 1.476798131 0)
(0.9 1.476798131 0)
(1 1.476798131 0)
(1.1 1.476798131 0)
(1.2 1.476798131 0)
(1.3 1.476798131 0)
(1.4 1.476798131 0)
(1.5 1.476798131 0)
(1.6 1.476798131 0)
(1.7 1.476798131 0)
(1.8 1.476798131 0)
(1.9 1.476798131 0)
(2 1.476798131 0)
(2.1 1.476798131 0)
(2.2 1.476798131 0)
(2.3 1.476798131 0)
(2.4 1.476798131 0)
(2.5 1.476798131 0)
(2.6 1.476798131 0)
(2.7 1.476798131 0)
(2.8 1.476798131 0)
(2.9 1.476798131 0)
(3 1.476798131 0)
(3.1 1.476798131 0)
(3.2 1.476798131 0)
(3.3 1.476798131 0)
(3.4 1.476798131 0)
(3.5 1.476798131 0)
(3.6 1.476798131 0)
(3.7 1.476798131 0)
(3.8 1.476798131 0)
(3.9 1.476798131 0)
(4 1.476798131 0)
(0 1.525262892 0)
(0.1 1.525262892 0)
(0.2 1.525262892 0)
(0.3 1.525262892 0)
(0.4 1.525262892 0)
(0.5 1.525262892 0)
(0.6 1.525262892 0)
(0.7 1.525262892 0)
(0.8 1.525262892 0)
(0.9 1.525262892 0)
(1 1.525262892 0)
(1.1 1.525262892 0)
(1.2 1.525262892 0)
(1.3 1.525262892 0)
(1.4 1.525262892 0)
(1.5 1.525262892 0)
(1.6 1.525262892 0)
(1.7 1.525262892 0)
(1.8 1.525262892 0)
(1.9 1.525262892 0)
(2 1.525262892 0)
(2.1 1.525262892 0)
(2.2 1.525262892 0)
(2.3 1.525262892 0)
(2.4 1.525262892 0)
(2.5 1.525262892 0)
(2.6 1.525262892 0)
(2.7 1.525262892 0)
(2.8 1.525262892 0)
(2.9 1.525262892 0)
(3 1.525262892 0)
(3.1 1.525262892 0)
(3.2 1.525262892 0)
(3.3 1.525262892 0)
(3.4 1.525262892 0)
(3.5 1.525262892 0)
(3.6 1.525262892 0)
(3.7 1.525262892 0)
(3.8 1.525262892 0)
(3.9 1.525262892 0)
(4 1.525262892 0)
(0 1.569923106 0)
(0.1 1.569923106 0)
(0.2 1.569923106 0)
(0.3 1.569923106 0)
(0.4 1.569923106 0)
(0.5 1.569923106 0)
(0.6 1.569923106 0)
(0.7 1.569923106 0)
(0.8 1.569923106 0)
(0.9 1.569923106 0)
(1 1.569923106 0)
(1.1 1.569923106 0)
(1.2 1.569923106 0)
(1.3 1.569923106 0)
(1.4 1.569923106 0)
(1.5 1.569923106 0)
(1.6 1.569923106 0)
(1.7 1.569923106 0)
(1.8 1.569923106 0)
(1.9 1.569923106 0)
(2 1.569923106 0)
(2.1 1.569923106 0)
(2.2 1.569923106 0)
(2.3 1.569923106 0)
(2.4 1.569923106 0)
(2.5 1.569923106 0)
(2.6 1.569923106 0)
(2.7 1.569923106 0)
(2.8 1.569923106 0)
(2.9 1.569923106 0)
(3 1.569923106 0)
(3.1 1.569923106 0)
(3.2 1.569923106 0)
(3.3 1.569923106 0)
(3.4 1.569923106 0)
(3.5 1.569923106 0)
(3.6 1.569923106 0)
(3.7 1.569923106 0)
(3.8 1.569923106 0)
(3.9 1.569923106 0)
(4 1.569923106 0)
(0 1.611077434 0)
(0.1 1.611077434 0)
(0.2 1.611077434 0)
(0.3 1.611077434 0)
(0.4 1.611077434 0)
(0.5 1.611077434 0)
(0.6 1.611077434 0)
(0.7 1.611077434 0)
(0.8 1.611077434 0)
(0.9 1.611077434 0)
(1 1.611077434 0)
(1.1 1.611077434 0)
(1.2 1.611077434 0)
(1.3 1.611077434 0)
(1.4 1.611077434 0)
(1.5 1.611077434 0)
(1.6 1.611077434 0)
(1.7 1.611077434 0)
(1.8 1.611077434 0)
(1.9 1.611077434 0)
(2 1.611077434 0)
(2.1 1.611077434 0)
(2.2 1.611077434 0)
(2.3 1.611077434 0)
(2.4 1.611077434 0)
(2.5 1.611077434 0)
(2.6 1.611077434 0)
(2.7 1.611077434 0)
(2.8 1.611077434 0)
(2.9 1.611077434 0)
(3 1.611077434 0)
(3.1 1.611077434 0)
(3.2 1.611077434 0)
(3.3 1.611077434 0)
(3.4 1.611077434 0)
(3.5 1.611077434 0)
(3.6 1.611077434 0)
(3.7 1.611077434 0)
(3.8 1.611077434 0)
(3.9 1.611077434 0)
(4 1.611077434 0)
(0 1.649001093 0)
(0.1 1.649001093 0)
(0.2 1.649001093 0)
(0.3 1.649001093 0)
(0.4 1.649001093 0)
(0.5 1.649001093 0)
(0.6 1.649001093 0)
(0.7 1.649001093 0)
(0.8 1.649001093 0)
(0.9 1.649001093 0)
(1 1.649001093 0)
(1.1 1.649001093 0)
(1.2 1.649001093 0)
(1.3 1.649001093 0)
(1.4 1.649001093 0)
(1.5 1.649001093 0)
(1.6 1.649001093 0)
(1.7 1.649001093 0)
(1.8 1.649001093 0)
(1.9 1.649001093 0)
(2 1.649001093 0)
(2.1 1.649001093 0)
(2.2 1.649001093 0)
(2.3 1.649001093 0)
(2.4 1.649001093 0)
(2.5 1.649001093 0)
(2.6 1.649001093 0)
(2.7 1.649001093 0)
(2.8 1.649001093 0)
(2.9 1.649001093 0)
(3 1.649001093 0)
(3.1 1.649001093 0)
(3.2 1.649001093 0)
(3.3 1.649001093 0)
(3.4 1.649001093 0)
(3.5 1.649001093 0)
(3.6 1.649001093 0)
(3.7 1.649001093 0)
(3.8 1.649001093 0)
(3.9 1.649001093 0)
(4 1.649001093 0)
(0 1.683947695 0)
(0.1 1.683947695 0)
(0.2 1.683947695 0)
(0.3 1.683947695 0)
(0.4 1.683947695 0)
(0.5 1.683947695 0)
(0.6 1.683947695 0)
(0.7 1.683947695 0)
(0.8 1.683947695 0)
(0.9 1.683947695 0)
(1 1.683947695 0)
(1.1 1.683947695 0)
(1.2 1.683947695 0)
(1.3 1.683947695 0)
(1.4 1.683947695 0)
(1.5 1.683947695 0)
(1.6 1.683947695 0)
(1.7 1.683947695 0)
(1.8 1.683947695 0)
(1.9 1.683947695 0)
(2 1.683947695 0)
(2.1 1.683947695 0)
(2.2 1.683947695 0)
(2.3 1.683947695 0)
(2.4 1.683947695 0)
(2.5 1.683947695 0)
(2.6 1.683947695 0)
(2.7 1.683947695 0)
(2.8 1.683947695 0)
(2.9 1.683947695 0)
(3 1.683947695 0)
(3.1 1.683947695 0)
(3.2 1.683947695 0)
(3.3 1.683947695 0)
(3.4 1.683947695 0)
(3.5 1.683947695 0)
(3.6 1.683947695 0)
(3.7 1.683947695 0)
(3.8 1.683947695 0)
(3.9 1.683947695 0)
(4 1.683947695 0)
(0 1.716150943 0)
(0.1 1.716150943 0)
(0.2 1.716150943 0)
(0.3 1.716150943 0)
(0.4 1.716150943 0)
(0.5 1.716150943 0)
(0.6 1.716150943 0)
(0.7 1.716150943 0)
(0.8 1.716150943 0)
(0.9 1.716150943 0)
(1 1.716150943 0)
(1.1 1.716150943 0)
(1.2 1.716150943 0)
(1.3 1.716150943 0)
(1.4 1.716150943 0)
(1.5 1.716150943 0)
(1.6 1.716150943 0)
(1.7 1.716150943 0)
(1.8 1.716150943 0)
(1.9 1.716150943 0)
(2 1.716150943 0)
(2.1 1.716150943 0)
(2.2 1.716150943 0)
(2.3 1.716150943 0)
(2.4 1.716150943 0)
(2.5 1.716150943 0)
(2.6 1.716150943 0)
(2.7 1.716150943 0)
(2.8 1.716150943 0)
(2.9 1.716150943 0)
(3 1.716150943 0)
(3.1 1.716150943 0)
(3.2 1.716150943 0)
(3.3 1.716150943 0)
(3.4 1.716150943 0)
(3.5 1.716150943 0)
(3.6 1.716150943 0)
(3.7 1.716150943 0)
(3.8 1.716150943 0)
(3.9 1.716150943 0)
(4 1.716150943 0)
(0 1.745826194 0)
(0.1 1.745826194 0)
(0.2 1.745826194 0)
(0.3 1.745826194 0)
(0.4 1.745826194 0)
(0.5 1.745826194 0)
(0.6 1.745826194 0)
(0.7 1.745826194 0)
(0.8 1.745826194 0)
(0.9 1.745826194 0)
(1 1.745826194 0)
(1.1 1.745826194 0)
(1.2 1.745826194 0)
(1.3 1.745826194 0)
(1.4 1.745826194 0)
(1.5 1.745826194 0)
(1.6 1.745826194 0)
(1.7 1.745826194 0)
(1.8 1.745826194 0)
(1.9 1.745826194 0)
(2 1.745826194 0)
(2.1 1.745826194 0)
(2.2 1.745826194 0)
(2.3 1.745826194 0)
(2.4 1.745826194 0)
(2.5 1.745826194 0)
(2.6 1.745826194 0)
(2.7 1.745826194 0)
(2.8 1.745826194 0)
(2.9 1.745826194 0)
(3 1.745826194 0)
(3.1 1.745826194 0)
(3.2 1.745826194 0)
(3.3 1.745826194 0)
(3.4 1.745826194 0)
(3.5 1.745826194 0)
(3.6 1.745826194 0)
(3.7 1.745826194 0)
(3.8 1.745826194 0)
(3.9 1.745826194 0)
(4 1.745826194 0)
(0 1.773171898 0)
(0.1 1.773171898 0)
(0.2 1.773171898 0)
(0.3 1.773171898 0)
(0.4 1.773171898 0)
(0.5 1.773171898 0)
(0.6 1.773171898 0)
(0.7 1.773171898 0)
(0.8 1.773171898 0)
(0.9 1.773171898 0)
(1 1.773171898 0)
(1.1 1.773171898 0)
(1.2 1.773171898 0)
(1.3 1.773171898 0)
(1.4 1.773171898 0)
(1.5 1.773171898 0)
(1.6 1.773171898 0)
(1.7 1.773171898 0)
(1.8 1.773171898 0)
(1.9 1.773171898 0)
(2 1.773171898 0)
(2.1 1.773171898 0)
(2.2 1.773171898 0)
(2.3 1.773171898 0)
(2.4 1.773171898 0)
(2.5 1.773171898 0)
(2.6 1.773171898 0)
(2.7 1.773171898 0)
(2.8 1.773171898 0)
(2.9 1.773171898 0)
(3 1.773171898 0)
(3.1 1.773171898 0)
(3.2 1.773171898 0)
(3.3 1.773171898 0)
(3.4 1.773171898 0)
(3.5 1.773171898 0)
(3.6 1.773171898 0)
(3.7 1.773171898 0)
(3.8 1.773171898 0)
(3.9 1.773171898 0)
(4 1.773171898 0)
(0 1.798370929 0)
(0.1 1.798370929 0)
(0.2 1.798370929 0)
(0.3 1.798370929 0)
(0.4 1.798370929 0)
(0.5 1.798370929 0)
(0.6 1.798370929 0)
(0.7 1.798370929 0)
(0.8 1.798370929 0)
(0.9 1.798370929 0)
(1 1.798370929 0)
(1.1 1.798370929 0)
(1.2 1.798370929 0)
(1.3 1.798370929 0)
(1.4 1.798370929 0)
(1.5 1.798370929 0)
(1.6 1.798370929 0)
(1.7 1.798370929 0)
(1.8 1.798370929 0)
(1.9 1.798370929 0)
(2 1.798370929 0)
(2.1 1.798370929 0)
(2.2 1.798370929 0)
(2.3 1.798370929 0)
(2.4 1.798370929 0)
(2.5 1.798370929 0)
(2.6 1.798370929 0)
(2.7 1.798370929 0)
(2.8 1.798370929 0)
(2.9 1.798370929 0)
(3 1.798370929 0)
(3.1 1.798370929 0)
(3.2 1.798370929 0)
(3.3 1.798370929 0)
(3.4 1.798370929 0)
(3.5 1.798370929 0)
(3.6 1.798370929 0)
(3.7 1.798370929 0)
(3.8 1.798370929 0)
(3.9 1.798370929 0)
(4 1.798370929 0)
(0 1.821591802 0)
(0.1 1.821591802 0)
(0.2 1.821591802 0)
(0.3 1.821591802 0)
(0.4 1.821591802 0)
(0.5 1.821591802 0)
(0.6 1.821591802 0)
(0.7 1.821591802 0)
(0.8 1.821591802 0)
(0.9 1.821591802 0)
(1 1.821591802 0)
(1.1 1.821591802 0)
(1.2 1.821591802 0)
(1.3 1.821591802 0)
(1.4 1.821591802 0)
(1.5 1.821591802 0)
(1.6 1.821591802 0)
(1.7 1.821591802 0)
(1.8 1.821591802 0)
(1.9 1.821591802 0)
(2 1.821591802 0)
(2.1 1.821591802 0)
(2.2 1.821591802 0)
(2.3 1.821591802 0)
(2.4 1.821591802 0)
(2.5 1.821591802 0)
(2.6 1.821591802 0)
(2.7 1.821591802 0)
(2.8 1.821591802 0)
(2.9 1.821591802 0)
(3 1.821591802 0)
(3.1 1.821591802 0)
(3.2 1.821591802 0)
(3.3 1.821591802 0)
(3.4 1.821591802 0)
(3.5 1.821591802 0)
(3.6 1.821591802 0)
(3.7 1.821591802 0)
(3.8 1.821591802 0)
(3.9 1.821591802 0)
(4 1.821591802 0)
(0 1.842989807 0)
(0.1 1.842989807 0)
(0.2 1.842989807 0)
(0.3 1.842989807 0)
(0.4 1.842989807 0)
(0.5 1.842989807 0)
(0.6 1.842989807 0)
(0.7 1.842989807 0)
(0.8 1.842989807 0)
(0.9 1.842989807 0)
(1 1.842989807 0)
(1.1 1.842989807 0)
(1.2 1.842989807 0)
(1.3 1.842989807 0)
(1.4 1.842989807 0)
(1.5 1.842989807 0)
(1.6 1.842989807 0)
(1.7 1.842989807 0)
(1.8 1.842989807 0)
(1.9 1.842989807 0)
(2 1.842989807 0)
(2.1 1.842989807 0)
(2.2 1.842989807 0)
(2.3 1.842989807 0)
(2.4 1.842989807 0)
(2.5 1.842989807 0)
(2.6 1.842989807 0)
(2.7 1.842989807 0)
(2.8 1.842989807 0)
(2.9 1.842989807 0)
(3 1.842989807 0)
(3.1 1.842989807 0)
(3.2 1.842989807 0)
(3.3 1.842989807 0)
(3.4 1.842989807 0)
(3.5 1.842989807 0)
(3.6 1.842989807 0)
(3.7 1.842989807 0)
(3.8 1.842989807 0)
(3.9 1.842989807 0)
(4 1.842989807 0)
(0 1.86270804 0)
(0.1 1.86270804 0)
(0.2 1.86270804 0)
(0.3 1.86270804 0)
(0.4 1.86270804 0)
(0.5 1.86270804 0)
(0.6 1.86270804 0)
(0.7 1.86270804 0)
(0.8 1.86270804 0)
(0.9 1.86270804 0)
(1 1.86270804 0)
(1.1 1.86270804 0)
(1.2 1.86270804 0)
(1.3 1.86270804 0)
(1.4 1.86270804 0)
(1.5 1.86270804 0)
(1.6 1.86270804 0)
(1.7 1.86270804 0)
(1.8 1.86270804 0)
(1.9 1.86270804 0)
(2 1.86270804 0)
(2.1 1.86270804 0)
(2.2 1.86270804 0)
(2.3 1.86270804 0)
(2.4 1.86270804 0)
(2.5 1.86270804 0)
(2.6 1.86270804 0)
(2.7 1.86270804 0)
(2.8 1.86270804 0)
(2.9 1.86270804 0)
(3 1.86270804 0)
(3.1 1.86270804 0)
(3.2 1.86270804 0)
(3.3 1.86270804 0)
(3.4 1.86270804 0)
(3.5 1.86270804 0)
(3.6 1.86270804 0)
(3.7 1.86270804 0)
(3.8 1.86270804 0)
(3.9 1.86270804 0)
(4 1.86270804 0)
(0 1.880878366 0)
(0.1 1.880878366 0)
(0.2 1.880878366 0)
(0.3 1.880878366 0)
(0.4 1.880878366 0)
(0.5 1.880878366 0)
(0.6 1.880878366 0)
(0.7 1.880878366 0)
(0.8 1.880878366 0)
(0.9 1.880878366 0)
(1 1.880878366 0)
(1.1 1.880878366 0)
(1.2 1.880878366 0)
(1.3 1.880878366 0)
(1.4 1.880878366 0)
(1.5 1.880878366 0)
(1.6 1.880878366 0)
(1.7 1.880878366 0)
(1.8 1.880878366 0)
(1.9 1.880878366 0)
(2 1.880878366 0)
(2.1 1.880878366 0)
(2.2 1.880878366 0)
(2.3 1.880878366 0)
(2.4 1.880878366 0)
(2.5 1.880878366 0)
(2.6 1.880878366 0)
(2.7 1.880878366 0)
(2.8 1.880878366 0)
(2.9 1.880878366 0)
(3 1.880878366 0)
(3.1 1.880878366 0)
(3.2 1.880878366 0)
(3.3 1.880878366 0)
(3.4 1.880878366 0)
(3.5 1.880878366 0)
(3.6 1.880878366 0)
(3.7 1.880878366 0)
(3.8 1.880878366 0)
(3.9 1.880878366 0)
(4 1.880878366 0)
(0 1.897622297 0)
(0.1 1.897622297 0)
(0.2 1.897622297 0)
(0.3 1.897622297 0)
(0.4 1.897622297 0)
(0.5 1.897622297 0)
(0.6 1.897622297 0)
(0.7 1.897622297 0)
(0.8 1.897622297 0)
(0.9 1.897622297 0)
(1 1.897622297 0)
(1.1 1.897622297 0)
(1.2 1.897622297 0)
(1.3 1.897622297 0)
(1.4 1.897622297 0)
(1.5 1.897622297 0)
(1.6 1.897622297 0)
(1.7 1.897622297 0)
(1.8 1.897622297 0)
(1.9 1.897622297 0)
(2 1.897622297 0)
(2.1 1.897622297 0)
(2.2 1.897622297 0)
(2.3 1.897622297 0)
(2.4 1.897622297 0)
(2.5 1.897622297 0)
(2.6 1.897622297 0)
(2.7 1.897622297 0)
(2.8 1.897622297 0)
(2.9 1.897622297 0)
(3 1.897622297 0)
(3.1 1.897622297 0)
(3.2 1.897622297 0)
(3.3 1.897622297 0)
(3.4 1.897622297 0)
(3.5 1.897622297 0)
(3.6 1.897622297 0)
(3.7 1.897622297 0)
(3.8 1.897622297 0)
(3.9 1.897622297 0)
(4 1.897622297 0)
(0 1.913051808 0)
(0.1 1.913051808 0)
(0.2 1.913051808 0)
(0.3 1.913051808 0)
(0.4 1.913051808 0)
(0.5 1.913051808 0)
(0.6 1.913051808 0)
(0.7 1.913051808 0)
(0.8 1.913051808 0)
(0.9 1.913051808 0)
(1 1.913051808 0)
(1.1 1.913051808 0)
(1.2 1.913051808 0)
(1.3 1.913051808 0)
(1.4 1.913051808 0)
(1.5 1.913051808 0)
(1.6 1.913051808 0)
(1.7 1.913051808 0)
(1.8 1.913051808 0)
(1.9 1.913051808 0)
(2 1.913051808 0)
(2.1 1.913051808 0)
(2.2 1.913051808 0)
(2.3 1.913051808 0)
(2.4 1.913051808 0)
(2.5 1.913051808 0)
(2.6 1.913051808 0)
(2.7 1.913051808 0)
(2.8 1.913051808 0)
(2.9 1.913051808 0)
(3 1.913051808 0)
(3.1 1.913051808 0)
(3.2 1.913051808 0)
(3.3 1.913051808 0)
(3.4 1.913051808 0)
(3.5 1.913051808 0)
(3.6 1.913051808 0)
(3.7 1.913051808 0)
(3.8 1.913051808 0)
(3.9 1.913051808 0)
(4 1.913051808 0)
(0 1.927270081 0)
(0.1 1.927270081 0)
(0.2 1.927270081 0)
(0.3 1.927270081 0)
(0.4 1.927270081 0)
(0.5 1.927270081 0)
(0.6 1.927270081 0)
(0.7 1.927270081 0)
(0.8 1.927270081 0)
(0.9 1.927270081 0)
(1 1.927270081 0)
(1.1 1.927270081 0)
(1.2 1.927270081 0)
(1.3 1.927270081 0)
(1.4 1.927270081 0)
(1.5 1.927270081 0)
(1.6 1.927270081 0)
(1.7 1.927270081 0)
(1.8 1.927270081 0)
(1.9 1.927270081 0)
(2 1.927270081 0)
(2.1 1.927270081 0)
(2.2 1.927270081 0)
(2.3 1.927270081 0)
(2.4 1.927270081 0)
(2.5 1.927270081 0)
(2.6 1.927270081 0)
(2.7 1.927270081 0)
(2.8 1.927270081 0)
(2.9 1.927270081 0)
(3 1.927270081 0)
(3.1 1.927270081 0)
(3.2 1.927270081 0)
(3.3 1.927270081 0)
(3.4 1.927270081 0)
(3.5 1.927270081 0)
(3.6 1.927270081 0)
(3.7 1.927270081 0)
(3.8 1.927270081 0)
(3.9 1.927270081 0)
(4 1.927270081 0)
(0 1.940372202 0)
(0.1 1.940372202 0)
(0.2 1.940372202 0)
(0.3 1.940372202 0)
(0.4 1.940372202 0)
(0.5 1.940372202 0)
(0.6 1.940372202 0)
(0.7 1.940372202 0)
(0.8 1.940372202 0)
(0.9 1.940372202 0)
(1 1.940372202 0)
(1.1 1.940372202 0)
(1.2 1.940372202 0)
(1.3 1.940372202 0)
(1.4 1.940372202 0)
(1.5 1.940372202 0)
(1.6 1.940372202 0)
(1.7 1.940372202 0)
(1.8 1.940372202 0)
(1.9 1.940372202 0)
(2 1.940372202 0)
(2.1 1.940372202 0)
(2.2 1.940372202 0)
(2.3 1.940372202 0)
(2.4 1.940372202 0)
(2.5 1.940372202 0)
(2.6 1.940372202 0)
(2.7 1.940372202 0)
(2.8 1.940372202 0)
(2.9 1.940372202 0)
(3 1.940372202 0)
(3.1 1.940372202 0)
(3.2 1.940372202 0)
(3.3 1.940372202 0)
(3.4 1.940372202 0)
(3.5 1.940372202 0)
(3.6 1.940372202 0)
(3.7 1.940372202 0)
(3.8 1.940372202 0)
(3.9 1.940372202 0)
(4 1.940372202 0)
(0 1.952445789 0)
(0.1 1.952445789 0)
(0.2 1.952445789 0)
(0.3 1.952445789 0)
(0.4 1.952445789 0)
(0.5 1.952445789 0)
(0.6 1.952445789 0)
(0.7 1.952445789 0)
(0.8 1.952445789 0)
(0.9 1.952445789 0)
(1 1.952445789 0)
(1.1 1.952445789 0)
(1.2 1.952445789 0)
(1.3 1.952445789 0)
(1.4 1.952445789 0)
(1.5 1.952445789 0)
(1.6 1.952445789 0)
(1.7 1.952445789 0)
(1.8 1.952445789 0)
(1.9 1.952445789 0)
(2 1.952445789 0)
(2.1 1.952445789 0)
(2.2 1.952445789 0)
(2.3 1.952445789 0)
(2.4 1.952445789 0)
(2.5 1.952445789 0)
(2.6 1.952445789 0)
(2.7 1.952445789 0)
(2.8 1.952445789 0)
(2.9 1.952445789 0)
(3 1.952445789 0)
(3.1 1.952445789 0)
(3.2 1.952445789 0)
(3.3 1.952445789 0)
(3.4 1.952445789 0)
(3.5 1.952445789 0)
(3.6 1.952445789 0)
(3.7 1.952445789 0)
(3.8 1.952445789 0)
(3.9 1.952445789 0)
(4 1.952445789 0)
(0 1.963571583 0)
(0.1 1.963571583 0)
(0.2 1.963571583 0)
(0.3 1.963571583 0)
(0.4 1.963571583 0)
(0.5 1.963571583 0)
(0.6 1.963571583 0)
(0.7 1.963571583 0)
(0.8 1.963571583 0)
(0.9 1.963571583 0)
(1 1.963571583 0)
(1.1 1.963571583 0)
(1.2 1.963571583 0)
(1.3 1.963571583 0)
(1.4 1.963571583 0)
(1.5 1.963571583 0)
(1.6 1.963571583 0)
(1.7 1.963571583 0)
(1.8 1.963571583 0)
(1.9 1.963571583 0)
(2 1.963571583 0)
(2.1 1.963571583 0)
(2.2 1.963571583 0)
(2.3 1.963571583 0)
(2.4 1.963571583 0)
(2.5 1.963571583 0)
(2.6 1.963571583 0)
(2.7 1.963571583 0)
(2.8 1.963571583 0)
(2.9 1.963571583 0)
(3 1.963571583 0)
(3.1 1.963571583 0)
(3.2 1.963571583 0)
(3.3 1.963571583 0)
(3.4 1.963571583 0)
(3.5 1.963571583 0)
(3.6 1.963571583 0)
(3.7 1.963571583 0)
(3.8 1.963571583 0)
(3.9 1.963571583 0)
(4 1.963571583 0)
(0 1.973823988 0)
(0.1 1.973823988 0)
(0.2 1.973823988 0)
(0.3 1.973823988 0)
(0.4 1.973823988 0)
(0.5 1.973823988 0)
(0.6 1.973823988 0)
(0.7 1.973823988 0)
(0.8 1.973823988 0)
(0.9 1.973823988 0)
(1 1.973823988 0)
(1.1 1.973823988 0)
(1.2 1.973823988 0)
(1.3 1.973823988 0)
(1.4 1.973823988 0)
(1.5 1.973823988 0)
(1.6 1.973823988 0)
(1.7 1.973823988 0)
(1.8 1.973823988 0)
(1.9 1.973823988 0)
(2 1.973823988 0)
(2.1 1.973823988 0)
(2.2 1.973823988 0)
(2.3 1.973823988 0)
(2.4 1.973823988 0)
(2.5 1.973823988 0)
(2.6 1.973823988 0)
(2.7 1.973823988 0)
(2.8 1.973823988 0)
(2.9 1.973823988 0)
(3 1.973823988 0)
(3.1 1.973823988 0)
(3.2 1.973823988 0)
(3.3 1.973823988 0)
(3.4 1.973823988 0)
(3.5 1.973823988 0)
(3.6 1.973823988 0)
(3.7 1.973823988 0)
(3.8 1.973823988 0)
(3.9 1.973823988 0)
(4 1.973823988 0)
(0 1.983271566 0)
(0.1 1.983271566 0)
(0.2 1.983271566 0)
(0.3 1.983271566 0)
(0.4 1.983271566 0)
(0.5 1.983271566 0)
(0.6 1.983271566 0)
(0.7 1.983271566 0)
(0.8 1.983271566 0)
(0.9 1.983271566 0)
(1 1.983271566 0)
(1.1 1.983271566 0)
(1.2 1.983271566 0)
(1.3 1.983271566 0)
(1.4 1.983271566 0)
(1.5 1.983271566 0)
(1.6 1.983271566 0)
(1.7 1.983271566 0)
(1.8 1.983271566 0)
(1.9 1.983271566 0)
(2 1.983271566 0)
(2.1 1.983271566 0)
(2.2 1.983271566 0)
(2.3 1.983271566 0)
(2.4 1.983271566 0)
(2.5 1.983271566 0)
(2.6 1.983271566 0)
(2.7 1.983271566 0)
(2.8 1.983271566 0)
(2.9 1.983271566 0)
(3 1.983271566 0)
(3.1 1.983271566 0)
(3.2 1.983271566 0)
(3.3 1.983271566 0)
(3.4 1.983271566 0)
(3.5 1.983271566 0)
(3.6 1.983271566 0)
(3.7 1.983271566 0)
(3.8 1.983271566 0)
(3.9 1.983271566 0)
(4 1.983271566 0)
(0 1.991977497 0)
(0.1 1.991977497 0)
(0.2 1.991977497 0)
(0.3 1.991977497 0)
(0.4 1.991977497 0)
(0.5 1.991977497 0)
(0.6 1.991977497 0)
(0.7 1.991977497 0)
(0.8 1.991977497 0)
(0.9 1.991977497 0)
(1 1.991977497 0)
(1.1 1.991977497 0)
(1.2 1.991977497 0)
(1.3 1.991977497 0)
(1.4 1.991977497 0)
(1.5 1.991977497 0)
(1.6 1.991977497 0)
(1.7 1.991977497 0)
(1.8 1.991977497 0)
(1.9 1.991977497 0)
(2 1.991977497 0)
(2.1 1.991977497 0)
(2.2 1.991977497 0)
(2.3 1.991977497 0)
(2.4 1.991977497 0)
(2.5 1.991977497 0)
(2.6 1.991977497 0)
(2.7 1.991977497 0)
(2.8 1.991977497 0)
(2.9 1.991977497 0)
(3 1.991977497 0)
(3.1 1.991977497 0)
(3.2 1.991977497 0)
(3.3 1.991977497 0)
(3.4 1.991977497 0)
(3.5 1.991977497 0)
(3.6 1.991977497 0)
(3.7 1.991977497 0)
(3.8 1.991977497 0)
(3.9 1.991977497 0)
(4 1.991977497 0)
(0 2 0)
(0.1 2 0)
(0.2 2 0)
(0.3 2 0)
(0.4 2 0)
(0.5 2 0)
(0.6 2 0)
(0.7 2 0)
(0.8 2 0)
(0.9 2 0)
(1 2 0)
(1.1 2 0)
(1.2 2 0)
(1.3 2 0)
(1.4 2 0)
(1.5 2 0)
(1.6 2 0)
(1.7 2 0)
(1.8 2 0)
(1.9 2 0)
(2 2 0)
(2.1 2 0)
(2.2 2 0)
(2.3 2 0)
(2.4 2 0)
(2.5 2 0)
(2.6 2 0)
(2.7 2 0)
(2.8 2 0)
(2.9 2 0)
(3 2 0)
(3.1 2 0)
(3.2 2 0)
(3.3 2 0)
(3.4 2 0)
(3.5 2 0)
(3.6 2 0)
(3.7 2 0)
(3.8 2 0)
(3.9 2 0)
(4 2 0)
(0 1.085894041 2)
(0.1 1.085894041 2)
(0.2 1.085894041 2)
(0.3 1.085894041 2)
(0.4 1.085894041 2)
(0.5 1.085894041 2)
(0.6 1.085894041 2)
(0.7 1.085894041 2)
(0.8 1.085894041 2)
(0.9 1.085894041 2)
(1 1.085894041 2)
(1.1 1.085894041 2)
(1.2 1.085894041 2)
(1.3 1.085894041 2)
(1.4 1.085894041 2)
(1.5 1.085894041 2)
(1.6 1.085894041 2)
(1.7 1.085894041 2)
(1.8 1.085894041 2)
(1.9 1.085894041 2)
(2 1.085894041 2)
(2.1 1.085894041 2)
(2.2 1.085894041 2)
(2.3 1.085894041 2)
(2.4 1.085894041 2)
(2.5 1.085894041 2)
(2.6 1.085894041 2)
(2.7 1.085894041 2)
(2.8 1.085894041 2)
(2.9 1.085894041 2)
(3 1.085894041 2)
(3.1 1.085894041 2)
(3.2 1.085894041 2)
(3.3 1.085894041 2)
(3.4 1.085894041 2)
(3.5 1.085894041 2)
(3.6 1.085894041 2)
(3.7 1.085894041 2)
(3.8 1.085894041 2)
(3.9 1.085894041 2)
(4 1.085894041 2)
(0 1.165045287 2)
(0.1 1.165045287 2)
(0.2 1.165045287 2)
(0.3 1.165045287 2)
(0.4 1.165045287 2)
(0.5 1.165045287 2)
(0.6 1.165045287 2)
(0.7 1.165045287 2)
(0.8 1.165045287 2)
(0.9 1.165045287 2)
(1 1.165045287 2)
(1.1 1.165045287 2)
(1.2 1.165045287 2)
(1.3 1.165045287 2)
(1.4 1.165045287 2)
(1.5 1.165045287 2)
(1.6 1.165045287 2)
(1.7 1.165045287 2)
(1.8 1.165045287 2)
(1.9 1.165045287 2)
(2 1.165045287 2)
(2.1 1.165045287 2)
(2.2 1.165045287 2)
(2.3 1.165045287 2)
(2.4 1.165045287 2)
(2.5 1.165045287 2)
(2.6 1.165045287 2)
(2.7 1.165045287 2)
(2.8 1.165045287 2)
(2.9 1.165045287 2)
(3 1.165045287 2)
(3.1 1.165045287 2)
(3.2 1.165045287 2)
(3.3 1.165045287 2)
(3.4 1.165045287 2)
(3.5 1.165045287 2)
(3.6 1.165045287 2)
(3.7 1.165045287 2)
(3.8 1.165045287 2)
(3.9 1.165045287 2)
(4 1.165045287 2)
(0 1.237983057 2)
(0.1 1.237983057 2)
(0.2 1.237983057 2)
(0.3 1.237983057 2)
(0.4 1.237983057 2)
(0.5 1.237983057 2)
(0.6 1.237983057 2)
(0.7 1.237983057 2)
(0.8 1.237983057 2)
(0.9 1.237983057 2)
(1 1.237983057 2)
(1.1 1.237983057 2)
(1.2 1.237983057 2)
(1.3 1.237983057 2)
(1.4 1.237983057 2)
(1.5 1.237983057 2)
(1.6 1.237983057 2)
(1.7 1.237983057 2)
(1.8 1.237983057 2)
(1.9 1.237983057 2)
(2 1.237983057 2)
(2.1 1.237983057 2)
(2.2 1.237983057 2)
(2.3 1.237983057 2)
(2.4 1.237983057 2)
(2.5 1.237983057 2)
(2.6 1.237983057 2)
(2.7 1.237983057 2)
(2.8 1.237983057 2)
(2.9 1.237983057 2)
(3 1.237983057 2)
(3.1 1.237983057 2)
(3.2 1.237983057 2)
(3.3 1.237983057 2)
(3.4 1.237983057 2)
(3.5 1.237983057 2)
(3.6 1.237983057 2)
(3.7 1.237983057 2)
(3.8 1.237983057 2)
(3.9 1.237983057 2)
(4 1.237983057 2)
(0 1.305195115 2)
(0.1 1.305195115 2)
(0.2 1.305195115 2)
(0.3 1.305195115 2)
(0.4 1.305195115 2)
(0.5 1.305195115 2)
(0.6 1.305195115 2)
(0.7 1.305195115 2)
(0.8 1.305195115 2)
(0.9 1.305195115 2)
(1 1.305195115 2)
(1.1 1.305195115 2)
(1.2 1.305195115 2)
(1.3 1.305195115 2)
(1.4 1.305195115 2)
(1.5 1.305195115 2)
(1.6 1.305195115 2)
(1.7 1.305195115 2)
(1.8 1.305195115 2)
(1.9 1.305195115 2)
(2 1.305195115 2)
(2.1 1.305195115 2)
(2.2 1.305195115 2)
(2.3 1.305195115 2)
(2.4 1.305195115 2)
(2.5 1.305195115 2)
(2.6 1.305195115 2)
(2.7 1.305195115 2)
(2.8 1.305195115 2)
(2.9 1.305195115 2)
(3 1.305195115 2)
(3.1 1.305195115 2)
(3.2 1.305195115 2)
(3.3 1.305195115 2)
(3.4 1.305195115 2)
(3.5 1.305195115 2)
(3.6 1.305195115 2)
(3.7 1.305195115 2)
(3.8 1.305195115 2)
(3.9 1.305195115 2)
(4 1.305195115 2)
(0 1.367130938 2)
(0.1 1.367130938 2)
(0.2 1.367130938 2)
(0.3 1.367130938 2)
(0.4 1.367130938 2)
(0.5 1.367130938 2)
(0.6 1.367130938 2)
(0.7 1.367130938 2)
(0.8 1.367130938 2)
(0.9 1.367130938 2)
(1 1.367130938 2)
(1.1 1.367130938 2)
(1.2 1.367130938 2)
(1.3 1.367130938 2)
(1.4 1.367130938 2)
(1.5 1.367130938 2)
(1.6 1.367130938 2)
(1.7 1.367130938 2)
(1.8 1.367130938 2)
(1.9 1.367130938 2)
(2 1.367130938 2)
(2.1 1.367130938 2)
(2.2 1.367130938 2)
(2.3 1.367130938 2)
(2.4 1.367130938 2)
(2.5 1.367130938 2)
(2.6 1.367130938 2)
(2.7 1.367130938 2)
(2.8 1.367130938 2)
(2.9 1.367130938 2)
(3 1.367130938 2)
(3.1 1.367130938 2)
(3.2 1.367130938 2)
(3.3 1.367130938 2)
(3.4 1.367130938 2)
(3.5 1.367130938 2)
(3.6 1.367130938 2)
(3.7 1.367130938 2)
(3.8 1.367130938 2)
(3.9 1.367130938 2)
(4 1.367130938 2)
(0 1.424204718 2)
(0.1 1.424204718 2)
(0.2 1.424204718 2)
(0.3 1.424204718 2)
(0.4 1.424204718 2)
(0.5 1.424204718 2)
(0.6 1.424204718 2)
(0.7 1.424204718 2)
(0.8 1.424204718 2)
(0.9 1.424204718 2)
(1 1.424204718 2)
(1.1 1.424204718 2)
(1.2 1.424204718 2)
(1.3 1.424204718 2)
(1.4 1.424204718 2)
(1.5 1.424204718 2)
(1.6 1.424204718 2)
(1.7 1.424204718 2)
(1.8 1.424204718 2)
(1.9 1.424204718 2)
(2 1.424204718 2)
(2.1 1.424204718 2)
(2.2 1.424204718 2)
(2.3 1.424204718 2)
(2.4 1.424204718 2)
(2.5 1.424204718 2)
(2.6 1.424204718 2)
(2.7 1.424204718 2)
(2.8 1.424204718 2)
(2.9 1.424204718 2)
(3 1.424204718 2)
(3.1 1.424204718 2)
(3.2 1.424204718 2)
(3.3 1.424204718 2)
(3.4 1.424204718 2)
(3.5 1.424204718 2)
(3.6 1.424204718 2)
(3.7 1.424204718 2)
(3.8 1.424204718 2)
(3.9 1.424204718 2)
(4 1.424204718 2)
(0 1.476798131 2)
(0.1 1.476798131 2)
(0.2 1.476798131 2)
(0.3 1.476798131 2)
(0.4 1.476798131 2)
(0.5 1.476798131 2)
(0.6 1.476798131 2)
(0.7 1.476798131 2)
(0.8 1.476798131 2)
(0.9 1.476798131 2)
(1 1.476798131 2)
(1.1 1.476798131 2)
(1.2 1.476798131 2)
(1.3 1.476798131 2)
(1.4 1.476798131 2)
(1.5 1.476798131 2)
(1.6 1.476798131 2)
(1.7 1.476798131 2)
(1.8 1.476798131 2)
(1.9 1.476798131 2)
(2 1.476798131 2)
(2.1 1.476798131 2)
(2.2 1.476798131 2)
(2.3 1.476798131 2)
(2.4 1.476798131 2)
(2.5 1.476798131 2)
(2.6 1.476798131 2)
(2.7 1.476798131 2)
(2.8 1.476798131 2)
(2.9 1.476798131 2)
(3 1.476798131 2)
(3.1 1.476798131 2)
(3.2 1.476798131 2)
(3.3 1.476798131 2)
(3.4 1.476798131 2)
(3.5 1.476798131 2)
(3.6 1.476798131 2)
(3.7 1.476798131 2)
(3.8 1.476798131 2)
(3.9 1.476798131 2)
(4 1.476798131 2)
(0 1.525262892 2)
(0.1 1.525262892 2)
(0.2 1.525262892 2)
(0.3 1.525262892 2)
(0.4 1.525262892 2)
(0.5 1.525262892 2)
(0.6 1.525262892 2)
(0.7 1.525262892 2)
(0.8 1.525262892 2)
(0.9 1.525262892 2)
(1 1.525262892 2)
(1.1 1.525262892 2)
(1.2 1.525262892 2)
(1.3 1.525262892 2)
(1.4 1.525262892 2)
(1.5 1.525262892 2)
(1.6 1.525262892 2)
(1.7 1.525262892 2)
(1.8 1.525262892 2)
(1.9 1.525262892 2)
(2 1.525262892 2)
(2.1 1.525262892 2)
(2.2 1.525262892 2)
(2.3 1.525262892 2)
(2.4 1.525262892 2)
(2.5 1.525262892 2)
(2.6 1.525262892 2)
(2.7 1.525262892 2)
(2.8 1.525262892 2)
(2.9 1.525262892 2)
(3 1.525262892 2)
(3.1 1.525262892 2)
(3.2 1.525262892 2)
(3.3 1.525262892 2)
(3.4 1.525262892 2)
(3.5 1.525262892 2)
(3.6 1.525262892 2)
(3.7 1.525262892 2)
(3.8 1.525262892 2)
(3.9 1.525262892 2)
(4 1.525262892 2)
(0 1.569923106 2)
(0.1 1.569923106 2)
(0.2 1.569923106 2)
(0.3 1.569923106 2)
(0.4 1.569923106 2)
(0.5 1.569923106 2)
(0.6 1.569923106 2)
(0.7 1.569923106 2)
(0.8 1.569923106 2)
(0.9 1.569923106 2)
(1 1.569923106 2)
(1.1 1.569923106 2)
(1.2 1.569923106 2)
(1.3 1.569923106 2)
(1.4 1.569923106 2)
(1.5 1.569923106 2)
(1.6 1.569923106 2)
(1.7 1.569923106 2)
(1.8 1.569923106 2)
(1.9 1.569923106 2)
(2 1.569923106 2)
(2.1 1.569923106 2)
(2.2 1.569923106 2)
(2.3 1.569923106 2)
(2.4 1.569923106 2)
(2.5 1.569923106 2)
(2.6 1.569923106 2)
(2.7 1.569923106 2)
(2.8 1.569923106 2)
(2.9 1.569923106 2)
(3 1.569923106 2)
(3.1 1.569923106 2)
(3.2 1.569923106 2)
(3.3 1.569923106 2)
(3.4 1.569923106 2)
(3.5 1.569923106 2)
(3.6 1.569923106 2)
(3.7 1.569923106 2)
(3.8 1.569923106 2)
(3.9 1.569923106 2)
(4 1.569923106 2)
(0 1.611077434 2)
(0.1 1.611077434 2)
(0.2 1.611077434 2)
(0.3 1.611077434 2)
(0.4 1.611077434 2)
(0.5 1.611077434 2)
(0.6 1.611077434 2)
(0.7 1.611077434 2)
(0.8 1.611077434 2)
(0.9 1.611077434 2)
(1 1.611077434 2)
(1.1 1.611077434 2)
(1.2 1.611077434 2)
(1.3 1.611077434 2)
(1.4 1.611077434 2)
(1.5 1.611077434 2)
(1.6 1.611077434 2)
(1.7 1.611077434 2)
(1.8 1.611077434 2)
(1.9 1.611077434 2)
(2 1.611077434 2)
(2.1 1.611077434 2)
(2.2 1.611077434 2)
(2.3 1.611077434 2)
(2.4 1.611077434 2)
(2.5 1.611077434 2)
(2.6 1.611077434 2)
(2.7 1.611077434 2)
(2.8 1.611077434 2)
(2.9 1.611077434 2)
(3 1.611077434 2)
(3.1 1.611077434 2)
(3.2 1.611077434 2)
(3.3 1.611077434 2)
(3.4 1.611077434 2)
(3.5 1.611077434 2)
(3.6 1.611077434 2)
(3.7 1.611077434 2)
(3.8 1.611077434 2)
(3.9 1.611077434 2)
(4 1.611077434 2)
(0 1.649001093 2)
(0.1 1.649001093 2)
(0.2 1.649001093 2)
(0.3 1.649001093 2)
(0.4 1.649001093 2)
(0.5 1.649001093 2)
(0.6 1.649001093 2)
(0.7 1.649001093 2)
(0.8 1.649001093 2)
(0.9 1.649001093 2)
(1 1.649001093 2)
(1.1 1.649001093 2)
(1.2 1.649001093 2)
(1.3 1.649001093 2)
(1.4 1.649001093 2)
(1.5 1.649001093 2)
(1.6 1.649001093 2)
(1.7 1.649001093 2)
(1.8 1.649001093 2)
(1.9 1.649001093 2)
(2 1.649001093 2)
(2.1 1.649001093 2)
(2.2 1.649001093 2)
(2.3 1.649001093 2)
(2.4 1.649001093 2)
(2.5 1.649001093 2)
(2.6 1.649001093 2)
(2.7 1.649001093 2)
(2.8 1.649001093 2)
(2.9 1.649001093 2)
(3 1.649001093 2)
(3.1 1.649001093 2)
(3.2 1.649001093 2)
(3.3 1.649001093 2)
(3.4 1.649001093 2)
(3.5 1.649001093 2)
(3.6 1.649001093 2)
(3.7 1.649001093 2)
(3.8 1.649001093 2)
(3.9 1.649001093 2)
(4 1.649001093 2)
(0 1.683947695 2)
(0.1 1.683947695 2)
(0.2 1.683947695 2)
(0.3 1.683947695 2)
(0.4 1.683947695 2)
(0.5 1.683947695 2)
(0.6 1.683947695 2)
(0.7 1.683947695 2)
(0.8 1.683947695 2)
(0.9 1.683947695 2)
(1 1.683947695 2)
(1.1 1.683947695 2)
(1.2 1.683947695 2)
(1.3 1.683947695 2)
(1.4 1.683947695 2)
(1.5 1.683947695 2)
(1.6 1.683947695 2)
(1.7 1.683947695 2)
(1.8 1.683947695 2)
(1.9 1.683947695 2)
(2 1.683947695 2)
(2.1 1.683947695 2)
(2.2 1.683947695 2)
(2.3 1.683947695 2)
(2.4 1.683947695 2)
(2.5 1.683947695 2)
(2.6 1.683947695 2)
(2.7 1.683947695 2)
(2.8 1.683947695 2)
(2.9 1.683947695 2)
(3 1.683947695 2)
(3.1 1.683947695 2)
(3.2 1.683947695 2)
(3.3 1.683947695 2)
(3.4 1.683947695 2)
(3.5 1.683947695 2)
(3.6 1.683947695 2)
(3.7 1.683947695 2)
(3.8 1.683947695 2)
(3.9 1.683947695 2)
(4 1.683947695 2)
(0 1.716150943 2)
(0.1 1.716150943 2)
(0.2 1.716150943 2)
(0.3 1.716150943 2)
(0.4 1.716150943 2)
(0.5 1.716150943 2)
(0.6 1.716150943 2)
(0.7 1.716150943 2)
(0.8 1.716150943 2)
(0.9 1.716150943 2)
(1 1.716150943 2)
(1.1 1.716150943 2)
(1.2 1.716150943 2)
(1.3 1.716150943 2)
(1.4 1.716150943 2)
(1.5 1.716150943 2)
(1.6 1.716150943 2)
(1.7 1.716150943 2)
(1.8 1.716150943 2)
(1.9 1.716150943 2)
(2 1.716150943 2)
(2.1 1.716150943 2)
(2.2 1.716150943 2)
(2.3 1.716150943 2)
(2.4 1.716150943 2)
(2.5 1.716150943 2)
(2.6 1.716150943 2)
(2.7 1.716150943 2)
(2.8 1.716150943 2)
(2.9 1.716150943 2)
(3 1.716150943 2)
(3.1 1.716150943 2)
(3.2 1.716150943 2)
(3.3 1.716150943 2)
(3.4 1.716150943 2)
(3.5 1.716150943 2)
(3.6 1.716150943 2)
(3.7 1.716150943 2)
(3.8 1.716150943 2)
(3.9 1.716150943 2)
(4 1.716150943 2)
(0 1.745826194 2)
(0.1 1.745826194 2)
(0.2 1.745826194 2)
(0.3 1.745826194 2)
(0.4 1.745826194 2)
(0.5 1.745826194 2)
(0.6 1.745826194 2)
(0.7 1.745826194 2)
(0.8 1.745826194 2)
(0.9 1.745826194 2)
(1 1.745826194 2)
(1.1 1.745826194 2)
(1.2 1.745826194 2)
(1.3 1.745826194 2)
(1.4 1.745826194 2)
(1.5 1.745826194 2)
(1.6 1.745826194 2)
(1.7 1.745826194 2)
(1.8 1.745826194 2)
(1.9 1.745826194 2)
(2 1.745826194 2)
(2.1 1.745826194 2)
(2.2 1.745826194 2)
(2.3 1.745826194 2)
(2.4 1.745826194 2)
(2.5 1.745826194 2)
(2.6 1.745826194 2)
(2.7 1.745826194 2)
(2.8 1.745826194 2)
(2.9 1.745826194 2)
(3 1.745826194 2)
(3.1 1.745826194 2)
(3.2 1.745826194 2)
(3.3 1.745826194 2)
(3.4 1.745826194 2)
(3.5 1.745826194 2)
(3.6 1.745826194 2)
(3.7 1.745826194 2)
(3.8 1.745826194 2)
(3.9 1.745826194 2)
(4 1.745826194 2)
(0 1.773171898 2)
(0.1 1.773171898 2)
(0.2 1.773171898 2)
(0.3 1.773171898 2)
(0.4 1.773171898 2)
(0.5 1.773171898 2)
(0.6 1.773171898 2)
(0.7 1.773171898 2)
(0.8 1.773171898 2)
(0.9 1.773171898 2)
(1 1.773171898 2)
(1.1 1.773171898 2)
(1.2 1.773171898 2)
(1.3 1.773171898 2)
(1.4 1.773171898 2)
(1.5 1.773171898 2)
(1.6 1.773171898 2)
(1.7 1.773171898 2)
(1.8 1.773171898 2)
(1.9 1.773171898 2)
(2 1.773171898 2)
(2.1 1.773171898 2)
(2.2 1.773171898 2)
(2.3 1.773171898 2)
(2.4 1.773171898 2)
(2.5 1.773171898 2)
(2.6 1.773171898 2)
(2.7 1.773171898 2)
(2.8 1.773171898 2)
(2.9 1.773171898 2)
(3 1.773171898 2)
(3.1 1.773171898 2)
(3.2 1.773171898 2)
(3.3 1.773171898 2)
(3.4 1.773171898 2)
(3.5 1.773171898 2)
(3.6 1.773171898 2)
(3.7 1.773171898 2)
(3.8 1.773171898 2)
(3.9 1.773171898 2)
(4 1.773171898 2)
(0 1.798370929 2)
(0.1 1.798370929 2)
(0.2 1.798370929 2)
(0.3 1.798370929 2)
(0.4 1.798370929 2)
(0.5 1.798370929 2)
(0.6 1.798370929 2)
(0.7 1.798370929 2)
(0.8 1.798370929 2)
(0.9 1.798370929 2)
(1 1.798370929 2)
(1.1 1.798370929 2)
(1.2 1.798370929 2)
(1.3 1.798370929 2)
(1.4 1.798370929 2)
(1.5 1.798370929 2)
(1.6 1.798370929 2)
(1.7 1.798370929 2)
(1.8 1.798370929 2)
(1.9 1.798370929 2)
(2 1.798370929 2)
(2.1 1.798370929 2)
(2.2 1.798370929 2)
(2.3 1.798370929 2)
(2.4 1.798370929 2)
(2.5 1.798370929 2)
(2.6 1.798370929 2)
(2.7 1.798370929 2)
(2.8 1.798370929 2)
(2.9 1.798370929 2)
(3 1.798370929 2)
(3.1 1.798370929 2)
(3.2 1.798370929 2)
(3.3 1.798370929 2)
(3.4 1.798370929 2)
(3.5 1.798370929 2)
(3.6 1.798370929 2)
(3.7 1.798370929 2)
(3.8 1.798370929 2)
(3.9 1.798370929 2)
(4 1.798370929 2)
(0 1.821591802 2)
(0.1 1.821591802 2)
(0.2 1.821591802 2)
(0.3 1.821591802 2)
(0.4 1.821591802 2)
(0.5 1.821591802 2)
(0.6 1.821591802 2)
(0.7 1.821591802 2)
(0.8 1.821591802 2)
(0.9 1.821591802 2)
(1 1.821591802 2)
(1.1 1.821591802 2)
(1.2 1.821591802 2)
(1.3 1.821591802 2)
(1.4 1.821591802 2)
(1.5 1.821591802 2)
(1.6 1.821591802 2)
(1.7 1.821591802 2)
(1.8 1.821591802 2)
(1.9 1.821591802 2)
(2 1.821591802 2)
(2.1 1.821591802 2)
(2.2 1.821591802 2)
(2.3 1.821591802 2)
(2.4 1.821591802 2)
(2.5 1.821591802 2)
(2.6 1.821591802 2)
(2.7 1.821591802 2)
(2.8 1.821591802 2)
(2.9 1.821591802 2)
(3 1.821591802 2)
(3.1 1.821591802 2)
(3.2 1.821591802 2)
(3.3 1.821591802 2)
(3.4 1.821591802 2)
(3.5 1.821591802 2)
(3.6 1.821591802 2)
(3.7 1.821591802 2)
(3.8 1.821591802 2)
(3.9 1.821591802 2)
(4 1.821591802 2)
(0 1.842989807 2)
(0.1 1.842989807 2)
(0.2 1.842989807 2)
(0.3 1.842989807 2)
(0.4 1.842989807 2)
(0.5 1.842989807 2)
(0.6 1.842989807 2)
(0.7 1.842989807 2)
(0.8 1.842989807 2)
(0.9 1.842989807 2)
(1 1.842989807 2)
(1.1 1.842989807 2)
(1.2 1.842989807 2)
(1.3 1.842989807 2)
(1.4 1.842989807 2)
(1.5 1.842989807 2)
(1.6 1.842989807 2)
(1.7 1.842989807 2)
(1.8 1.842989807 2)
(1.9 1.842989807 2)
(2 1.842989807 2)
(2.1 1.842989807 2)
(2.2 1.842989807 2)
(2.3 1.842989807 2)
(2.4 1.842989807 2)
(2.5 1.842989807 2)
(2.6 1.842989807 2)
(2.7 1.842989807 2)
(2.8 1.842989807 2)
(2.9 1.842989807 2)
(3 1.842989807 2)
(3.1 1.842989807 2)
(3.2 1.842989807 2)
(3.3 1.842989807 2)
(3.4 1.842989807 2)
(3.5 1.842989807 2)
(3.6 1.842989807 2)
(3.7 1.842989807 2)
(3.8 1.842989807 2)
(3.9 1.842989807 2)
(4 1.842989807 2)
(0 1.86270804 2)
(0.1 1.86270804 2)
(0.2 1.86270804 2)
(0.3 1.86270804 2)
(0.4 1.86270804 2)
(0.5 1.86270804 2)
(0.6 1.86270804 2)
(0.7 1.86270804 2)
(0.8 1.86270804 2)
(0.9 1.86270804 2)
(1 1.86270804 2)
(1.1 1.86270804 2)
(1.2 1.86270804 2)
(1.3 1.86270804 2)
(1.4 1.86270804 2)
(1.5 1.86270804 2)
(1.6 1.86270804 2)
(1.7 1.86270804 2)
(1.8 1.86270804 2)
(1.9 1.86270804 2)
(2 1.86270804 2)
(2.1 1.86270804 2)
(2.2 1.86270804 2)
(2.3 1.86270804 2)
(2.4 1.86270804 2)
(2.5 1.86270804 2)
(2.6 1.86270804 2)
(2.7 1.86270804 2)
(2.8 1.86270804 2)
(2.9 1.86270804 2)
(3 1.86270804 2)
(3.1 1.86270804 2)
(3.2 1.86270804 2)
(3.3 1.86270804 2)
(3.4 1.86270804 2)
(3.5 1.86270804 2)
(3.6 1.86270804 2)
(3.7 1.86270804 2)
(3.8 1.86270804 2)
(3.9 1.86270804 2)
(4 1.86270804 2)
(0 1.880878366 2)
(0.1 1.880878366 2)
(0.2 1.880878366 2)
(0.3 1.880878366 2)
(0.4 1.880878366 2)
(0.5 1.880878366 2)
(0.6 1.880878366 2)
(0.7 1.880878366 2)
(0.8 1.880878366 2)
(0.9 1.880878366 2)
(1 1.880878366 2)
(1.1 1.880878366 2)
(1.2 1.880878366 2)
(1.3 1.880878366 2)
(1.4 1.880878366 2)
(1.5 1.880878366 2)
(1.6 1.880878366 2)
(1.7 1.880878366 2)
(1.8 1.880878366 2)
(1.9 1.880878366 2)
(2 1.880878366 2)
(2.1 1.880878366 2)
(2.2 1.880878366 2)
(2.3 1.880878366 2)
(2.4 1.880878366 2)
(2.5 1.880878366 2)
(2.6 1.880878366 2)
(2.7 1.880878366 2)
(2.8 1.880878366 2)
(2.9 1.880878366 2)
(3 1.880878366 2)
(3.1 1.880878366 2)
(3.2 1.880878366 2)
(3.3 1.880878366 2)
(3.4 1.880878366 2)
(3.5 1.880878366 2)
(3.6 1.880878366 2)
(3.7 1.880878366 2)
(3.8 1.880878366 2)
(3.9 1.880878366 2)
(4 1.880878366 2)
(0 1.897622297 2)
(0.1 1.897622297 2)
(0.2 1.897622297 2)
(0.3 1.897622297 2)
(0.4 1.897622297 2)
(0.5 1.897622297 2)
(0.6 1.897622297 2)
(0.7 1.897622297 2)
(0.8 1.897622297 2)
(0.9 1.897622297 2)
(1 1.897622297 2)
(1.1 1.897622297 2)
(1.2 1.897622297 2)
(1.3 1.897622297 2)
(1.4 1.897622297 2)
(1.5 1.897622297 2)
(1.6 1.897622297 2)
(1.7 1.897622297 2)
(1.8 1.897622297 2)
(1.9 1.897622297 2)
(2 1.897622297 2)
(2.1 1.897622297 2)
(2.2 1.897622297 2)
(2.3 1.897622297 2)
(2.4 1.897622297 2)
(2.5 1.897622297 2)
(2.6 1.897622297 2)
(2.7 1.897622297 2)
(2.8 1.897622297 2)
(2.9 1.897622297 2)
(3 1.897622297 2)
(3.1 1.897622297 2)
(3.2 1.897622297 2)
(3.3 1.897622297 2)
(3.4 1.897622297 2)
(3.5 1.897622297 2)
(3.6 1.897622297 2)
(3.7 1.897622297 2)
(3.8 1.897622297 2)
(3.9 1.897622297 2)
(4 1.897622297 2)
(0 1.913051808 2)
(0.1 1.913051808 2)
(0.2 1.913051808 2)
(0.3 1.913051808 2)
(0.4 1.913051808 2)
(0.5 1.913051808 2)
(0.6 1.913051808 2)
(0.7 1.913051808 2)
(0.8 1.913051808 2)
(0.9 1.913051808 2)
(1 1.913051808 2)
(1.1 1.913051808 2)
(1.2 1.913051808 2)
(1.3 1.913051808 2)
(1.4 1.913051808 2)
(1.5 1.913051808 2)
(1.6 1.913051808 2)
(1.7 1.913051808 2)
(1.8 1.913051808 2)
(1.9 1.913051808 2)
(2 1.913051808 2)
(2.1 1.913051808 2)
(2.2 1.913051808 2)
(2.3 1.913051808 2)
(2.4 1.913051808 2)
(2.5 1.913051808 2)
(2.6 1.913051808 2)
(2.7 1.913051808 2)
(2.8 1.913051808 2)
(2.9 1.913051808 2)
(3 1.913051808 2)
(3.1 1.913051808 2)
(3.2 1.913051808 2)
(3.3 1.913051808 2)
(3.4 1.913051808 2)
(3.5 1.913051808 2)
(3.6 1.913051808 2)
(3.7 1.913051808 2)
(3.8 1.913051808 2)
(3.9 1.913051808 2)
(4 1.913051808 2)
(0 1.927270081 2)
(0.1 1.927270081 2)
(0.2 1.927270081 2)
(0.3 1.927270081 2)
(0.4 1.927270081 2)
(0.5 1.927270081 2)
(0.6 1.927270081 2)
(0.7 1.927270081 2)
(0.8 1.927270081 2)
(0.9 1.927270081 2)
(1 1.927270081 2)
(1.1 1.927270081 2)
(1.2 1.927270081 2)
(1.3 1.927270081 2)
(1.4 1.927270081 2)
(1.5 1.927270081 2)
(1.6 1.927270081 2)
(1.7 1.927270081 2)
(1.8 1.927270081 2)
(1.9 1.927270081 2)
(2 1.927270081 2)
(2.1 1.927270081 2)
(2.2 1.927270081 2)
(2.3 1.927270081 2)
(2.4 1.927270081 2)
(2.5 1.927270081 2)
(2.6 1.927270081 2)
(2.7 1.927270081 2)
(2.8 1.927270081 2)
(2.9 1.927270081 2)
(3 1.927270081 2)
(3.1 1.927270081 2)
(3.2 1.927270081 2)
(3.3 1.927270081 2)
(3.4 1.927270081 2)
(3.5 1.927270081 2)
(3.6 1.927270081 2)
(3.7 1.927270081 2)
(3.8 1.927270081 2)
(3.9 1.927270081 2)
(4 1.927270081 2)
(0 1.940372202 2)
(0.1 1.940372202 2)
(0.2 1.940372202 2)
(0.3 1.940372202 2)
(0.4 1.940372202 2)
(0.5 1.940372202 2)
(0.6 1.940372202 2)
(0.7 1.940372202 2)
(0.8 1.940372202 2)
(0.9 1.940372202 2)
(1 1.940372202 2)
(1.1 1.940372202 2)
(1.2 1.940372202 2)
(1.3 1.940372202 2)
(1.4 1.940372202 2)
(1.5 1.940372202 2)
(1.6 1.940372202 2)
(1.7 1.940372202 2)
(1.8 1.940372202 2)
(1.9 1.940372202 2)
(2 1.940372202 2)
(2.1 1.940372202 2)
(2.2 1.940372202 2)
(2.3 1.940372202 2)
(2.4 1.940372202 2)
(2.5 1.940372202 2)
(2.6 1.940372202 2)
(2.7 1.940372202 2)
(2.8 1.940372202 2)
(2.9 1.940372202 2)
(3 1.940372202 2)
(3.1 1.940372202 2)
(3.2 1.940372202 2)
(3.3 1.940372202 2)
(3.4 1.940372202 2)
(3.5 1.940372202 2)
(3.6 1.940372202 2)
(3.7 1.940372202 2)
(3.8 1.940372202 2)
(3.9 1.940372202 2)
(4 1.940372202 2)
(0 1.952445789 2)
(0.1 1.952445789 2)
(0.2 1.952445789 2)
(0.3 1.952445789 2)
(0.4 1.952445789 2)
(0.5 1.952445789 2)
(0.6 1.952445789 2)
(0.7 1.952445789 2)
(0.8 1.952445789 2)
(0.9 1.952445789 2)
(1 1.952445789 2)
(1.1 1.952445789 2)
(1.2 1.952445789 2)
(1.3 1.952445789 2)
(1.4 1.952445789 2)
(1.5 1.952445789 2)
(1.6 1.952445789 2)
(1.7 1.952445789 2)
(1.8 1.952445789 2)
(1.9 1.952445789 2)
(2 1.952445789 2)
(2.1 1.952445789 2)
(2.2 1.952445789 2)
(2.3 1.952445789 2)
(2.4 1.952445789 2)
(2.5 1.952445789 2)
(2.6 1.952445789 2)
(2.7 1.952445789 2)
(2.8 1.952445789 2)
(2.9 1.952445789 2)
(3 1.952445789 2)
(3.1 1.952445789 2)
(3.2 1.952445789 2)
(3.3 1.952445789 2)
(3.4 1.952445789 2)
(3.5 1.952445789 2)
(3.6 1.952445789 2)
(3.7 1.952445789 2)
(3.8 1.952445789 2)
(3.9 1.952445789 2)
(4 1.952445789 2)
(0 1.963571583 2)
(0.1 1.963571583 2)
(0.2 1.963571583 2)
(0.3 1.963571583 2)
(0.4 1.963571583 2)
(0.5 1.963571583 2)
(0.6 1.963571583 2)
(0.7 1.963571583 2)
(0.8 1.963571583 2)
(0.9 1.963571583 2)
(1 1.963571583 2)
(1.1 1.963571583 2)
(1.2 1.963571583 2)
(1.3 1.963571583 2)
(1.4 1.963571583 2)
(1.5 1.963571583 2)
(1.6 1.963571583 2)
(1.7 1.963571583 2)
(1.8 1.963571583 2)
(1.9 1.963571583 2)
(2 1.963571583 2)
(2.1 1.963571583 2)
(2.2 1.963571583 2)
(2.3 1.963571583 2)
(2.4 1.963571583 2)
(2.5 1.963571583 2)
(2.6 1.963571583 2)
(2.7 1.963571583 2)
(2.8 1.963571583 2)
(2.9 1.963571583 2)
(3 1.963571583 2)
(3.1 1.963571583 2)
(3.2 1.963571583 2)
(3.3 1.963571583 2)
(3.4 1.963571583 2)
(3.5 1.963571583 2)
(3.6 1.963571583 2)
(3.7 1.963571583 2)
(3.8 1.963571583 2)
(3.9 1.963571583 2)
(4 1.963571583 2)
(0 1.973823988 2)
(0.1 1.973823988 2)
(0.2 1.973823988 2)
(0.3 1.973823988 2)
(0.4 1.973823988 2)
(0.5 1.973823988 2)
(0.6 1.973823988 2)
(0.7 1.973823988 2)
(0.8 1.973823988 2)
(0.9 1.973823988 2)
(1 1.973823988 2)
(1.1 1.973823988 2)
(1.2 1.973823988 2)
(1.3 1.973823988 2)
(1.4 1.973823988 2)
(1.5 1.973823988 2)
(1.6 1.973823988 2)
(1.7 1.973823988 2)
(1.8 1.973823988 2)
(1.9 1.973823988 2)
(2 1.973823988 2)
(2.1 1.973823988 2)
(2.2 1.973823988 2)
(2.3 1.973823988 2)
(2.4 1.973823988 2)
(2.5 1.973823988 2)
(2.6 1.973823988 2)
(2.7 1.973823988 2)
(2.8 1.973823988 2)
(2.9 1.973823988 2)
(3 1.973823988 2)
(3.1 1.973823988 2)
(3.2 1.973823988 2)
(3.3 1.973823988 2)
(3.4 1.973823988 2)
(3.5 1.973823988 2)
(3.6 1.973823988 2)
(3.7 1.973823988 2)
(3.8 1.973823988 2)
(3.9 1.973823988 2)
(4 1.973823988 2)
(0 1.983271566 2)
(0.1 1.983271566 2)
(0.2 1.983271566 2)
(0.3 1.983271566 2)
(0.4 1.983271566 2)
(0.5 1.983271566 2)
(0.6 1.983271566 2)
(0.7 1.983271566 2)
(0.8 1.983271566 2)
(0.9 1.983271566 2)
(1 1.983271566 2)
(1.1 1.983271566 2)
(1.2 1.983271566 2)
(1.3 1.983271566 2)
(1.4 1.983271566 2)
(1.5 1.983271566 2)
(1.6 1.983271566 2)
(1.7 1.983271566 2)
(1.8 1.983271566 2)
(1.9 1.983271566 2)
(2 1.983271566 2)
(2.1 1.983271566 2)
(2.2 1.983271566 2)
(2.3 1.983271566 2)
(2.4 1.983271566 2)
(2.5 1.983271566 2)
(2.6 1.983271566 2)
(2.7 1.983271566 2)
(2.8 1.983271566 2)
(2.9 1.983271566 2)
(3 1.983271566 2)
(3.1 1.983271566 2)
(3.2 1.983271566 2)
(3.3 1.983271566 2)
(3.4 1.983271566 2)
(3.5 1.983271566 2)
(3.6 1.983271566 2)
(3.7 1.983271566 2)
(3.8 1.983271566 2)
(3.9 1.983271566 2)
(4 1.983271566 2)
(0 1.991977497 2)
(0.1 1.991977497 2)
(0.2 1.991977497 2)
(0.3 1.991977497 2)
(0.4 1.991977497 2)
(0.5 1.991977497 2)
(0.6 1.991977497 2)
(0.7 1.991977497 2)
(0.8 1.991977497 2)
(0.9 1.991977497 2)
(1 1.991977497 2)
(1.1 1.991977497 2)
(1.2 1.991977497 2)
(1.3 1.991977497 2)
(1.4 1.991977497 2)
(1.5 1.991977497 2)
(1.6 1.991977497 2)
(1.7 1.991977497 2)
(1.8 1.991977497 2)
(1.9 1.991977497 2)
(2 1.991977497 2)
(2.1 1.991977497 2)
(2.2 1.991977497 2)
(2.3 1.991977497 2)
(2.4 1.991977497 2)
(2.5 1.991977497 2)
(2.6 1.991977497 2)
(2.7 1.991977497 2)
(2.8 1.991977497 2)
(2.9 1.991977497 2)
(3 1.991977497 2)
(3.1 1.991977497 2)
(3.2 1.991977497 2)
(3.3 1.991977497 2)
(3.4 1.991977497 2)
(3.5 1.991977497 2)
(3.6 1.991977497 2)
(3.7 1.991977497 2)
(3.8 1.991977497 2)
(3.9 1.991977497 2)
(4 1.991977497 2)
(0 2 2)
(0.1 2 2)
(0.2 2 2)
(0.3 2 2)
(0.4 2 2)
(0.5 2 2)
(0.6 2 2)
(0.7 2 2)
(0.8 2 2)
(0.9 2 2)
(1 2 2)
(1.1 2 2)
(1.2 2 2)
(1.3 2 2)
(1.4 2 2)
(1.5 2 2)
(1.6 2 2)
(1.7 2 2)
(1.8 2 2)
(1.9 2 2)
(2 2 2)
(2.1 2 2)
(2.2 2 2)
(2.3 2 2)
(2.4 2 2)
(2.5 2 2)
(2.6 2 2)
(2.7 2 2)
(2.8 2 2)
(2.9 2 2)
(3 2 2)
(3.1 2 2)
(3.2 2 2)
(3.3 2 2)
(3.4 2 2)
(3.5 2 2)
(3.6 2 2)
(3.7 2 2)
(3.8 2 2)
(3.9 2 2)
(4 2 2)
)


// ************************************************************************* //
