-1.965705901384353638e-01 0.000000000000000000e+00
-1.965707987546920776e-01 6.326383445411920547e-04
-1.965707987546920776e-01 6.326383445411920547e-04
-1.965711414813995361e-01 1.648807432502508163e-03
-1.965711414813995361e-01 1.648807432502508163e-03
-1.965716779232025146e-01 3.259143093600869179e-03
-1.965716779232025146e-01 3.259143093600869179e-03
-1.965725123882293701e-01 5.757282022386789322e-03
-1.965725123882293701e-01 5.757282022386789322e-03
-1.965737640857696533e-01 9.507442824542522430e-03
-1.965737640857696533e-01 9.507442824542522430e-03
-1.965755522251129150e-01 1.486835163086652756e-02
-1.965755522251129150e-01 1.486835163086652756e-02
-1.965779364109039307e-01 2.201935090124607086e-02
-1.965779364109039307e-01 2.201935090124607086e-02
-1.965808421373367310e-01 3.072585538029670715e-02
-1.965808421373367310e-01 3.072585538029670715e-02
-1.965840160846710205e-01 4.022104665637016296e-02
-1.965840160846710205e-01 4.022104665637016296e-02
-1.965870708227157593e-01 4.940995573997497559e-02
-1.965870708227157593e-01 4.940995573997497559e-02
-1.965897083282470703e-01 5.732959508895874023e-02
-1.965897083282470703e-01 5.732959508895874023e-02
-1.965917497873306274e-01 6.350181996822357178e-02
-1.965917497873306274e-01 6.350181996822357178e-02
-1.965932399034500122e-01 6.794551014900207520e-02
-1.965932399034500122e-01 6.794551014900207520e-02
-1.965942382812500000e-01 7.096534967422485352e-02
-1.965942382812500000e-01 7.096534967422485352e-02
-1.965949088335037231e-01 7.293793559074401855e-02
-1.965949088335037231e-01 7.293793559074401855e-02
-1.965953260660171509e-01 7.419334352016448975e-02
-1.965953260660171509e-01 7.419334352016448975e-02
-1.965955793857574463e-01 7.497912645339965820e-02
-1.965955793857574463e-01 7.497912645339965820e-02
-1.965957432985305786e-01 7.546585798263549805e-02
-1.965957432985305786e-01 7.546585798263549805e-02
-1.965958476066589355e-01 7.576539367437362671e-02
-1.965958476066589355e-01 7.576539367437362671e-02
-1.965959072113037109e-01 7.594899088144302368e-02
-1.965959072113037109e-01 7.594899088144302368e-02
-1.965959370136260986e-01 7.606125622987747192e-02
-1.965959370136260986e-01 7.606125622987747192e-02
-1.965959668159484863e-01 7.612980157136917114e-02
-1.965959668159484863e-01 7.612980157136917114e-02
-1.965959817171096802e-01 7.617160677909851074e-02
-1.965959817171096802e-01 7.617160677909851074e-02
-1.965959966182708740e-01 7.619709521532058716e-02
-1.965959966182708740e-01 7.619709521532058716e-02
-1.965959966182708740e-01 7.619709521532058716e-02
-1.965959966182708740e-01 7.619709521532058716e-02
-1.862173080444335938e-01 7.619709521532058716e-02
-1.862173080444335938e-01 7.619709521532058716e-02
-1.753848344087600708e-01 7.610326260328292847e-02
-1.753848344087600708e-01 7.610326260328292847e-02
-1.642323285341262817e-01 7.505344599485397339e-02
-1.642323285341262817e-01 7.505344599485397339e-02
-1.529493033885955811e-01 7.293792814016342163e-02
-1.529493033885955811e-01 7.293792814016342163e-02
-1.416908502578735352e-01 6.993769109249114990e-02
-1.416908502578735352e-01 6.993769109249114990e-02
-1.305711567401885986e-01 6.626590341329574585e-02
-1.305711567401885986e-01 6.626590341329574585e-02
-1.196723729372024536e-01 6.213900819420814514e-02
-1.196723729372024536e-01 6.213900819420814514e-02
-1.090546697378158569e-01 5.776136368513107300e-02
-1.090546697378158569e-01 5.776136368513107300e-02
-9.876479208469390869e-02 5.331569537520408630e-02
-9.876479208469390869e-02 5.331569537520408630e-02
-8.884137868881225586e-02 4.895922169089317322e-02
-8.884137868881225586e-02 4.895922169089317322e-02
-7.931779325008392334e-02 4.482244700193405151e-02
-7.931779325008392334e-02 4.482244700193405151e-02
-7.022421807050704956e-02 4.100723937153816223e-02
-7.022421807050704956e-02 4.100723937153816223e-02
-6.158844754099845886e-02 3.758645802736282349e-02
-6.158844754099845886e-02 3.758645802736282349e-02
-5.343536287546157837e-02 3.460543602705001831e-02
-5.343536287546157837e-02 3.460543602705001831e-02
-4.578411579132080078e-02 3.209020942449569702e-02
-4.578411579132080078e-02 3.209020942449569702e-02
-3.865277767181396484e-02 3.003358654677867889e-02
-3.865277767181396484e-02 3.003358654677867889e-02
-3.205077350139617920e-02 2.841726504266262054e-02
-3.205077350139617920e-02 2.841726504266262054e-02
-2.598139643669128418e-02 2.720571309328079224e-02
-2.598139643669128418e-02 2.720571309328079224e-02
-2.044050768017768860e-02 2.635158784687519073e-02
-2.044050768017768860e-02 2.635158784687519073e-02
-1.541600655764341354e-02 2.580141648650169373e-02
-1.541600655764341354e-02 2.580141648650169373e-02
-1.088823098689317703e-02 2.550117485225200653e-02
-1.088823098689317703e-02 2.550117485225200653e-02
-6.831285543739795685e-03 2.539960481226444244e-02
-6.831285543739795685e-03 2.539960481226444244e-02
-3.214086173102259636e-03 2.539801411330699921e-02
-3.214086173102259636e-03 2.539801411330699921e-02
0.000000000000000000e+00 2.539801411330699921e-02
0.000000000000000000e+00 2.539801411330699921e-02
-1.441877550895271260e-17 2.616100385785102844e-02
-1.441877550895271260e-17 2.616100385785102844e-02
-1.078262023070638632e-17 2.596859075129032135e-02
-1.078262023070638632e-17 2.596859075129032135e-02
-7.711442545723578787e-18 2.580607496201992035e-02
-7.711442545723578787e-18 2.580607496201992035e-02
-5.271018615543587938e-18 2.567693777382373810e-02
-5.271018615543587938e-18 2.567693777382373810e-02
-3.424150748405363532e-18 2.557920664548873901e-02
-3.424150748405363532e-18 2.557920664548873901e-02
-2.077434536720030235e-18 2.550794370472431183e-02
-2.077434536720030235e-18 2.550794370472431183e-02
-1.121791947856904809e-18 2.545737475156784058e-02
-1.121791947856904809e-18 2.545737475156784058e-02
-4.566816599020043994e-19 2.542218007147312164e-02
-4.566816599020043994e-19 2.542218007147312164e-02
0.000000000000000000e+00 2.539801411330699921e-02
0.000000000000000000e+00 2.539801411330699921e-02
-1.441877550895271260e-17 2.616100385785102844e-02
-1.441877550895271260e-17 2.616100385785102844e-02
-3.356626722961664200e-03 2.809887751936912537e-02
-3.356626722961664200e-03 2.809887751936912537e-02
-8.953178301453590393e-03 3.132992610335350037e-02
-8.953178301453590393e-03 3.132992610335350037e-02
-1.802881807088851929e-02 3.656954318284988403e-02
-1.802881807088851929e-02 3.656954318284988403e-02
-3.210356459021568298e-02 4.469529166817665100e-02
-3.210356459021568298e-02 4.469529166817665100e-02
-5.248746275901794434e-02 5.646348372101783752e-02
-5.248746275901794434e-02 5.646348372101783752e-02
-7.926243543624877930e-02 7.192142307758331299e-02
-7.926243543624877930e-02 7.192142307758331299e-02
-1.102565973997116089e-01 8.981522917747497559e-02
-1.102565973997116089e-01 8.981522917747497559e-02
-1.420354098081588745e-01 1.061388999223709106e-01
-1.420354098081588745e-01 1.061388999223709106e-01
-1.729131489992141724e-01 1.079458892345428467e-01
-1.729131489992141724e-01 1.079458892345428467e-01
-1.965959966182708740e-01 1.079458892345428467e-01
-1.965959966182708740e-01 1.079458892345428467e-01
-2.169670909643173218e-01 1.079458892345428467e-01
-2.169670909643173218e-01 1.079458892345428467e-01
-2.376505434513092041e-01 1.079458892345428467e-01
-2.376505434513092041e-01 1.079458892345428467e-01
-2.589635252952575684e-01 1.079458892345428467e-01
-2.589635252952575684e-01 1.079458892345428467e-01
-3.048000037670135498e-01 1.079458892345428467e-01
-2.812328636646270752e-01 1.079458892345428467e-01
-2.812328636646270752e-01 1.079458892345428467e-01
-3.048000037670135498e-01 1.079458892345428467e-01
-3.048000037670135498e-01 1.079458892345428467e-01
-3.048000037670135498e-01 1.079458892345428467e-01
-3.048000037670135498e-01 1.081530749797821045e-01
-3.048000037670135498e-01 1.081530749797821045e-01
-3.048000037670135498e-01 1.083851680159568787e-01
-3.048000037670135498e-01 1.083851680159568787e-01
-3.048000037670135498e-01 1.086700782179832458e-01
-3.048000037670135498e-01 1.086700782179832458e-01
-3.048000037670135498e-01 1.090420633554458618e-01
-3.048000037670135498e-01 1.090420633554458618e-01
-3.048000037670135498e-01 1.095458492636680603e-01
-3.048000037670135498e-01 1.095458492636680603e-01
-3.048000037670135498e-01 1.102420017123222351e-01
-3.048000037670135498e-01 1.102420017123222351e-01
-3.048000037670135498e-01 1.112142279744148254e-01
-3.048000037670135498e-01 1.112142279744148254e-01
-3.048000037670135498e-01 1.125794276595115662e-01
-3.048000037670135498e-01 1.125794276595115662e-01
-3.048000037670135498e-01 1.145017445087432861e-01
-3.048000037670135498e-01 1.145017445087432861e-01
-3.048000037670135498e-01 1.172123029828071594e-01
-3.048000037670135498e-01 1.172123029828071594e-01
-3.048000037670135498e-01 1.210370138287544250e-01
-3.048000037670135498e-01 1.210370138287544250e-01
-3.048000037670135498e-01 1.264357417821884155e-01
-3.048000037670135498e-01 1.264357417821884155e-01
-3.048000037670135498e-01 1.340575963258743286e-01
-3.048000037670135498e-01 1.340575963258743286e-01
-3.048000037670135498e-01 1.448190063238143921e-01
-3.048000037670135498e-01 1.448190063238143921e-01
-3.048000037670135498e-01 1.600138694047927856e-01
-3.048000037670135498e-01 1.600138694047927856e-01
-3.048000037670135498e-01 1.814691573381423950e-01
-3.048000037670135498e-01 1.814691573381423950e-01
-3.048000037670135498e-01 2.117645293474197388e-01
-3.048000037670135498e-01 2.117645293474197388e-01
-3.048000037670135498e-01 2.545425593852996826e-01
-3.048000037670135498e-01 2.545425593852996826e-01
-3.048000037670135498e-01 3.149467110633850098e-01
-3.048000037670135498e-01 3.149467110633850098e-01
-3.048000037670135498e-01 4.002396762371063232e-01
-3.048000037670135498e-01 4.002396762371063232e-01
-3.048000037670135498e-01 5.206766724586486816e-01
-3.048000037670135498e-01 5.206766724586486816e-01
-3.048000037670135498e-01 6.907384991645812988e-01
-3.048000037670135498e-01 6.907384991645812988e-01
-3.048000037670135498e-01 9.308726191520690918e-01
-3.048000037670135498e-01 9.308726191520690918e-01
-3.048000037670135498e-01 1.269951701164245605e+00
-3.048000037670135498e-01 1.269951701164245605e+00
-3.048000037670135498e-01 1.269951701164245605e+00
-3.048000037670135498e-01 1.269951701164245605e+00
-2.812273204326629639e-01 1.273054838180541992e+00
-2.812273204326629639e-01 1.273054838180541992e+00
-2.589527666568756104e-01 1.275987148284912109e+00
-2.589527666568756104e-01 1.275987148284912109e+00
-2.376347780227661133e-01 1.278793573379516602e+00
-2.376347780227661133e-01 1.278793573379516602e+00
-2.169464677572250366e-01 1.281517148017883301e+00
-2.169464677572250366e-01 1.281517148017883301e+00
-1.965705901384353638e-01 1.284199476242065430e+00
-1.965705901384353638e-01 1.284199476242065430e+00
-1.734495460987091064e-01 1.287243247032165527e+00
-1.734495460987091064e-01 1.287243247032165527e+00
-1.445919722318649292e-01 1.291042208671569824e+00
-1.445919722318649292e-01 1.291042208671569824e+00
-1.125822961330413818e-01 1.295256137847900391e+00
-1.125822961330413818e-01 1.295256137847900391e+00
-8.140588551759719849e-02 1.299360394477844238e+00
-8.140588551759719849e-02 1.299360394477844238e+00
-5.465890467166900635e-02 1.302881479263305664e+00
-5.465890467166900635e-02 1.302881479263305664e+00
-3.409802541136741638e-02 1.305588245391845703e+00
-3.409802541136741638e-02 1.305588245391845703e+00
-1.958697102963924408e-02 1.307498455047607422e+00
-1.958697102963924408e-02 1.307498455047607422e+00
-9.952230378985404968e-03 1.308766841888427734e+00
-9.952230378985404968e-03 1.308766841888427734e+00
-3.811834845691919327e-03 1.309575200080871582e+00
-3.811834845691919327e-03 1.309575200080871582e+00
0.000000000000000000e+00 1.310077071189880371e+00
0.000000000000000000e+00 1.310077071189880371e+00
3.177745733410120010e-03 1.310495376586914062e+00
3.177745733410120010e-03 1.310495376586914062e+00
6.667350418865680695e-03 1.310954809188842773e+00
6.667350418865680695e-03 1.310954809188842773e+00
1.049401704221963882e-02 1.311458587646484375e+00
1.049401704221963882e-02 1.311458587646484375e+00
1.468381658196449280e-02 1.312010169029235840e+00
1.468381658196449280e-02 1.312010169029235840e+00
1.926344446837902069e-02 1.312613010406494141e+00
1.926344446837902069e-02 1.312613010406494141e+00
2.425991185009479523e-02 1.313270807266235352e+00
2.425991185009479523e-02 1.313270807266235352e+00
2.970016747713088989e-02 1.313987016677856445e+00
2.970016747713088989e-02 1.313987016677856445e+00
3.561061248183250427e-02 1.314765095710754395e+00
3.561061248183250427e-02 1.314765095710754395e+00
4.201657325029373169e-02 1.315608501434326172e+00
4.201657325029373169e-02 1.315608501434326172e+00
4.894164204597473145e-02 1.316520214080810547e+00
4.894164204597473145e-02 1.316520214080810547e+00
5.640696361660957336e-02 1.317502975463867188e+00
5.640696361660957336e-02 1.317502975463867188e+00
6.443046033382415771e-02 1.318559288978576660e+00
6.443046033382415771e-02 1.318559288978576660e+00
7.302595674991607666e-02 1.319690823554992676e+00
7.302595674991607666e-02 1.319690823554992676e+00
8.220231533050537109e-02 1.320898890495300293e+00
8.220231533050537109e-02 1.320898890495300293e+00
9.196256846189498901e-02 1.322183847427368164e+00
9.196256846189498901e-02 1.322183847427368164e+00
1.023030281066894531e-01 1.323545098304748535e+00
1.023030281066894531e-01 1.323545098304748535e+00
1.132125407457351685e-01 1.324981331825256348e+00
1.132125407457351685e-01 1.324981331825256348e+00
1.246718466281890869e-01 1.326489925384521484e+00
1.246718466281890869e-01 1.326489925384521484e+00
1.366531103849411011e-01 1.328067302703857422e+00
1.366531103849411011e-01 1.328067302703857422e+00
1.491196602582931519e-01 1.329708456993103027e+00
1.491196602582931519e-01 1.329708456993103027e+00
1.620260775089263916e-01 1.331407666206359863e+00
1.620260775089263916e-01 1.331407666206359863e+00
1.753184497356414795e-01 1.333157539367675781e+00
1.753184497356414795e-01 1.333157539367675781e+00
1.889351010322570801e-01 1.334950208663940430e+00
1.889351010322570801e-01 1.334950208663940430e+00
2.028075307607650757e-01 1.336776494979858398e+00
2.028075307607650757e-01 1.336776494979858398e+00
2.168616354465484619e-01 1.338626623153686523e+00
2.168616354465484619e-01 1.338626623153686523e+00
2.310193181037902832e-01 1.340490579605102539e+00
2.310193181037902832e-01 1.340490579605102539e+00
2.452000975608825684e-01 1.342357397079467773e+00
2.452000975608825684e-01 1.342357397079467773e+00
2.593230009078979492e-01 1.344216704368591309e+00
2.593230009078979492e-01 1.344216704368591309e+00
2.733083367347717285e-01 1.346057891845703125e+00
2.733083367347717285e-01 1.346057891845703125e+00
2.870795428752899170e-01 1.347870826721191406e+00
2.870795428752899170e-01 1.347870826721191406e+00
3.005647361278533936e-01 1.349646091461181641e+00
3.005647361278533936e-01 1.349646091461181641e+00
3.136982321739196777e-01 1.351375102996826172e+00
3.136982321739196777e-01 1.351375102996826172e+00
3.264215886592864990e-01 1.353050112724304199e+00
3.264215886592864990e-01 1.353050112724304199e+00
3.386844694614410400e-01 1.354664564132690430e+00
3.386844694614410400e-01 1.354664564132690430e+00
3.504452109336853027e-01 1.356212854385375977e+00
3.504452109336853027e-01 1.356212854385375977e+00
3.616709411144256592e-01 1.357690691947937012e+00
3.616709411144256592e-01 1.357690691947937012e+00
3.723375797271728516e-01 1.359094977378845215e+00
3.723375797271728516e-01 1.359094977378845215e+00
3.824293911457061768e-01 1.360423564910888672e+00
3.824293911457061768e-01 1.360423564910888672e+00
3.919385373592376709e-01 1.361675381660461426e+00
3.919385373592376709e-01 1.361675381660461426e+00
4.008643329143524170e-01 1.362850427627563477e+00
4.008643329143524170e-01 1.362850427627563477e+00
4.092124104499816895e-01 1.363949537277221680e+00
4.092124104499816895e-01 1.363949537277221680e+00
4.169938862323760986e-01 1.364973902702331543e+00
4.169938862323760986e-01 1.364973902702331543e+00
4.242244362831115723e-01 1.365925788879394531e+00
4.242244362831115723e-01 1.365925788879394531e+00
4.309234917163848877e-01 1.366807699203491211e+00
4.309234917163848877e-01 1.366807699203491211e+00
4.371370673179626465e-01 1.367625713348388672e+00
4.371370673179626465e-01 1.367625713348388672e+00
4.433597326278686523e-01 1.368444919586181641e+00
4.433597326278686523e-01 1.368444919586181641e+00
4.500853121280670166e-01 1.369330286979675293e+00
4.500853121280670166e-01 1.369330286979675293e+00
4.577502608299255371e-01 1.370339393615722656e+00
4.577502608299255371e-01 1.370339393615722656e+00
4.668521583080291748e-01 1.371537685394287109e+00
4.668521583080291748e-01 1.371537685394287109e+00
4.779817759990692139e-01 1.373002767562866211e+00
4.779817759990692139e-01 1.373002767562866211e+00
4.918614923954010010e-01 1.374830007553100586e+00
4.918614923954010010e-01 1.374830007553100586e+00
5.093922019004821777e-01 1.377137899398803711e+00
5.093922019004821777e-01 1.377137899398803711e+00
5.317118167877197266e-01 1.380076169967651367e+00
5.317118167877197266e-01 1.380076169967651367e+00
5.602690577507019043e-01 1.383835673332214355e+00
5.602690577507019043e-01 1.383835673332214355e+00
5.969174504280090332e-01 1.388660311698913574e+00
5.969174504280090332e-01 1.388660311698913574e+00
6.440358161926269531e-01 1.394863367080688477e+00
6.440358161926269531e-01 1.394863367080688477e+00
7.046824693679809570e-01 1.402847290039062500e+00
7.046824693679809570e-01 1.402847290039062500e+00
7.827938795089721680e-01 1.413130402565002441e+00
7.827938795089721680e-01 1.413130402565002441e+00
8.834400773048400879e-01 1.426380157470703125e+00
8.834400773048400879e-01 1.426380157470703125e+00
1.013153791427612305e+00 1.443456649780273438e+00
1.013153791427612305e+00 1.443456649780273438e+00
1.180354356765747070e+00 1.465468049049377441e+00
1.180354356765747070e+00 1.465468049049377441e+00
1.395894527435302734e+00 1.493843317031860352e+00
1.395894527435302734e+00 1.493843317031860352e+00
1.673764467239379883e+00 1.530424118041992188e+00
1.673764467239379883e+00 1.530424118041992188e+00
2.032000064849853516e+00 1.577584743499755859e+00
2.032000064849853516e+00 1.577584743499755859e+00
2.032000064849853516e+00 1.577584743499755859e+00
2.032000064849853516e+00 1.577584743499755859e+00
2.032000064849853516e+00 1.162517189979553223e+00
2.032000064849853516e+00 1.162517189979553223e+00
2.032000064849853516e+00 9.124172329902648926e-01
2.032000064849853516e+00 9.124172329902648926e-01
2.032000064849853516e+00 7.452760338783264160e-01
2.032000064849853516e+00 7.452760338783264160e-01
2.032000064849853516e+00 6.257154941558837891e-01
2.032000064849853516e+00 6.257154941558837891e-01
2.032000064849853516e+00 5.359699726104736328e-01
2.032000064849853516e+00 5.359699726104736328e-01
2.032000064849853516e+00 4.661393761634826660e-01
2.032000064849853516e+00 4.661393761634826660e-01
2.032000064849853516e+00 4.102698266506195068e-01
2.032000064849853516e+00 4.102698266506195068e-01
2.032000064849853516e+00 3.645657896995544434e-01
2.032000064849853516e+00 3.645657896995544434e-01
2.032000064849853516e+00 3.264931142330169678e-01
2.032000064849853516e+00 3.264931142330169678e-01
2.032000064849853516e+00 2.942954301834106445e-01
2.032000064849853516e+00 2.942954301834106445e-01
2.032000064849853516e+00 2.667168676853179932e-01
2.032000064849853516e+00 2.667168676853179932e-01
2.032000064849853516e+00 2.428357005119323730e-01
2.032000064849853516e+00 2.428357005119323730e-01
2.032000064849853516e+00 2.219601124525070190e-01
2.032000064849853516e+00 2.219601124525070190e-01
2.032000064849853516e+00 2.035607695579528809e-01
2.032000064849853516e+00 2.035607695579528809e-01
2.032000064849853516e+00 1.872257143259048462e-01
2.032000064849853516e+00 1.872257143259048462e-01
2.032000064849853516e+00 1.726295650005340576e-01
2.032000064849853516e+00 1.726295650005340576e-01
2.032000064849853516e+00 1.595118790864944458e-01
2.032000064849853516e+00 1.595118790864944458e-01
2.032000064849853516e+00 1.476617753505706787e-01
2.032000064849853516e+00 1.476617753505706787e-01
2.032000064849853516e+00 1.369066238403320312e-01
2.032000064849853516e+00 1.369066238403320312e-01
2.032000064849853516e+00 1.271037757396697998e-01
2.032000064849853516e+00 1.271037757396697998e-01
2.032000064849853516e+00 1.181343421339988708e-01
2.032000064849853516e+00 1.181343421339988708e-01
2.032000064849853516e+00 1.098983958363533020e-01
2.032000064849853516e+00 1.098983958363533020e-01
2.032000064849853516e+00 1.023113802075386047e-01
2.032000064849853516e+00 1.023113802075386047e-01
2.032000064849853516e+00 9.530124068260192871e-02
2.032000064849853516e+00 9.530124068260192871e-02
2.032000064849853516e+00 8.880621194839477539e-02
2.032000064849853516e+00 8.880621194839477539e-02
2.032000064849853516e+00 8.277302235364913940e-02
2.032000064849853516e+00 8.277302235364913940e-02
2.032000064849853516e+00 7.715550065040588379e-02
2.032000064849853516e+00 7.715550065040588379e-02
2.032000064849853516e+00 7.191342860460281372e-02
2.032000064849853516e+00 7.191342860460281372e-02
2.032000064849853516e+00 6.701160967350006104e-02
2.032000064849853516e+00 6.701160967350006104e-02
2.032000064849853516e+00 6.241909414529800415e-02
2.032000064849853516e+00 6.241909414529800415e-02
2.032000064849853516e+00 5.810858309268951416e-02
2.032000064849853516e+00 5.810858309268951416e-02
2.032000064849853516e+00 5.405589193105697632e-02
2.032000064849853516e+00 5.405589193105697632e-02
2.032000064849853516e+00 5.023951083421707153e-02
2.032000064849853516e+00 5.023951083421707153e-02
2.032000064849853516e+00 4.664026200771331787e-02
2.032000064849853516e+00 4.664026200771331787e-02
2.032000064849853516e+00 4.324097558856010437e-02
2.032000064849853516e+00 4.324097558856010437e-02
2.032000064849853516e+00 4.002624377608299255e-02
2.032000064849853516e+00 4.002624377608299255e-02
2.032000064849853516e+00 3.698220103979110718e-02
2.032000064849853516e+00 3.698220103979110718e-02
2.032000064849853516e+00 3.409632667899131775e-02
2.032000064849853516e+00 3.409632667899131775e-02
2.032000064849853516e+00 3.135729208588600159e-02
2.032000064849853516e+00 3.135729208588600159e-02
2.032000064849853516e+00 2.875482104718685150e-02
2.032000064849853516e+00 2.875482104718685150e-02
2.032000064849853516e+00 2.627957612276077271e-02
2.032000064849853516e+00 2.627957612276077271e-02
2.032000064849853516e+00 2.392303757369518280e-02
2.032000064849853516e+00 2.392303757369518280e-02
2.032000064849853516e+00 2.167743444442749023e-02
2.032000064849853516e+00 2.167743444442749023e-02
2.032000064849853516e+00 1.953564956784248352e-02
2.032000064849853516e+00 1.953564956784248352e-02
2.032000064849853516e+00 1.749116554856300354e-02
2.032000064849853516e+00 1.749116554856300354e-02
2.032000064849853516e+00 1.553798560053110123e-02
2.032000064849853516e+00 1.553798560053110123e-02
2.032000064849853516e+00 1.367060095071792603e-02
2.032000064849853516e+00 1.367060095071792603e-02
2.032000064849853516e+00 1.188393030315637589e-02
2.032000064849853516e+00 1.188393030315637589e-02
2.032000064849853516e+00 1.017328258603811264e-02
2.032000064849853516e+00 1.017328258603811264e-02
2.032000064849853516e+00 8.534319698810577393e-03
2.032000064849853516e+00 8.534319698810577393e-03
2.032000064849853516e+00 6.963024381548166275e-03
2.032000064849853516e+00 6.963024381548166275e-03
2.032000064849853516e+00 5.455671809613704681e-03
2.032000064849853516e+00 5.455671809613704681e-03
2.032000064849853516e+00 4.008802119642496109e-03
2.032000064849853516e+00 4.008802119642496109e-03
2.032000064849853516e+00 2.619197592139244080e-03
2.032000064849853516e+00 2.619197592139244080e-03
2.032000064849853516e+00 1.283861347474157810e-03
2.032000064849853516e+00 1.283861347474157810e-03
2.032000064849853516e+00 0.000000000000000000e+00
-1.965705901384353638e-01 0.000000000000000000e+00
