/*--------------------------------*- C++ -*----------------------------------*\
| =========                 |                                                 |
| \\      /  F ield         | OpenFOAM: The Open Source CFD Toolbox           |
|  \\    /   O peration     | Version:  2306                                  |
|   \\  /    A nd           | Website:  www.openfoam.com                      |
|    \\/     M anipulation  |                                                 |
\*---------------------------------------------------------------------------*/
FoamFile
{
    version     2.0;
    format      ascii;
    arch        "LSB;label=32;scalar=64";
    class       volVectorField;
    location    "5000";
    object      U;
}
// * * * * * * * * * * * * * * * * * * * * * * * * * * * * * * * * * * * * * //

dimensions      [0 1 -1 0 0 0 0];

internalField   nonuniform List<vector> 
2400
(
(3.9711 -2.64125e-09 0)
(3.9711 2.0176e-09 0)
(3.9711 1.37356e-09 0)
(3.9711 1.65618e-09 0)
(3.9711 1.51927e-09 0)
(3.9711 1.11548e-09 0)
(3.9711 7.01118e-10 0)
(3.9711 4.03175e-10 0)
(3.9711 2.1136e-10 0)
(3.9711 1.08436e-10 0)
(3.9711 5.78297e-11 0)
(3.9711 3.16056e-11 0)
(3.9711 2.21871e-11 0)
(3.9711 1.69995e-11 0)
(3.9711 1.2857e-11 0)
(3.9711 6.75072e-12 0)
(3.9711 3.05452e-12 0)
(3.9711 1.98414e-12 0)
(3.9711 2.24018e-12 0)
(3.9711 3.24461e-12 0)
(3.9711 2.8843e-12 0)
(3.9711 2.79603e-12 0)
(3.9711 2.55226e-12 0)
(3.9711 1.78224e-12 0)
(3.9711 2.04037e-12 0)
(3.9711 8.53708e-13 0)
(3.9711 -1.75307e-12 0)
(3.9711 -4.57942e-12 0)
(3.9711 -2.18998e-12 0)
(3.9711 -4.18111e-12 0)
(3.9711 -9.99432e-12 0)
(3.9711 -1.20177e-11 0)
(3.9711 -2.0545e-11 0)
(3.9711 -2.86363e-11 0)
(3.9711 -4.73664e-11 0)
(3.9711 -8.19233e-11 0)
(3.9711 -1.59051e-10 0)
(3.9711 -4.06064e-10 0)
(3.9711 -1.02793e-09 0)
(3.9711 -4.84361e-09 0)
(8.70834 -1.47044e-08 0)
(8.70834 -8.22572e-10 0)
(8.70834 6.37888e-09 0)
(8.70834 8.23348e-09 0)
(8.70834 7.14826e-09 0)
(8.70834 5.10734e-09 0)
(8.70834 3.20552e-09 0)
(8.70834 1.84046e-09 0)
(8.70834 9.85326e-10 0)
(8.70834 5.03403e-10 0)
(8.70834 2.56823e-10 0)
(8.70834 1.32963e-10 0)
(8.70834 7.73299e-11 0)
(8.70834 5.05615e-11 0)
(8.70834 3.4121e-11 0)
(8.70834 2.19049e-11 0)
(8.70834 1.45672e-11 0)
(8.70834 1.22379e-11 0)
(8.70834 1.16309e-11 0)
(8.70834 1.16904e-11 0)
(8.70834 1.01841e-11 0)
(8.70834 8.5423e-12 0)
(8.70834 6.58547e-12 0)
(8.70834 3.87534e-12 0)
(8.70834 1.78968e-12 0)
(8.70834 -1.33024e-12 0)
(8.70834 -5.57218e-12 0)
(8.70834 -9.95334e-12 0)
(8.70834 -8.99018e-12 0)
(8.70834 -1.4481e-11 0)
(8.70834 -2.72384e-11 0)
(8.70834 -3.61984e-11 0)
(8.70834 -5.42763e-11 0)
(8.70834 -7.90185e-11 0)
(8.70834 -1.2841e-10 0)
(8.70834 -2.23122e-10 0)
(8.70834 -4.3664e-10 0)
(8.70834 -1.09331e-09 0)
(8.70834 -2.76231e-09 0)
(8.70834 -1.36246e-08 0)
(11.1716 -2.92491e-08 0)
(11.1716 -3.91856e-09 0)
(11.1716 1.48496e-08 0)
(11.1716 1.65642e-08 0)
(11.1716 1.28248e-08 0)
(11.1716 8.40853e-09 0)
(11.1716 4.91946e-09 0)
(11.1716 2.64097e-09 0)
(11.1716 1.32393e-09 0)
(11.1716 6.23582e-10 0)
(11.1716 2.91802e-10 0)
(11.1716 1.39897e-10 0)
(11.1716 7.70299e-11 0)
(11.1716 5.00807e-11 0)
(11.1716 3.36932e-11 0)
(11.1716 2.46411e-11 0)
(11.1716 1.96059e-11 0)
(11.1716 1.99707e-11 0)
(11.1716 2.02286e-11 0)
(11.1716 1.9753e-11 0)
(11.1716 1.75329e-11 0)
(11.1716 1.41424e-11 0)
(11.1716 1.04258e-11 0)
(11.1716 5.57608e-12 0)
(11.1716 5.14613e-13 0)
(11.1716 -4.08741e-12 0)
(11.1716 -8.53728e-12 0)
(11.1716 -1.17729e-11 0)
(11.1716 -1.37278e-11 0)
(11.1716 -2.23654e-11 0)
(11.1716 -3.89934e-11 0)
(11.1716 -5.53574e-11 0)
(11.1716 -7.79277e-11 0)
(11.1716 -1.16333e-10 0)
(11.1716 -1.87034e-10 0)
(11.1716 -3.25429e-10 0)
(11.1716 -6.35372e-10 0)
(11.1716 -1.56093e-09 0)
(11.1716 -4.16276e-09 0)
(11.1716 -2.2482e-08 0)
(12.6564 -3.78931e-08 0)
(12.6564 -5.27284e-09 0)
(12.6564 2.10459e-08 0)
(12.6564 2.16735e-08 0)
(12.6564 1.57873e-08 0)
(12.6564 9.86996e-09 0)
(12.6564 5.54274e-09 0)
(12.6564 2.85416e-09 0)
(12.6564 1.3662e-09 0)
(12.6564 6.0354e-10 0)
(12.6564 2.61587e-10 0)
(12.6564 1.15382e-10 0)
(12.6564 6.12454e-11 0)
(12.6564 4.25232e-11 0)
(12.6564 3.14215e-11 0)
(12.6564 2.7553e-11 0)
(12.6564 2.51166e-11 0)
(12.6564 2.7443e-11 0)
(12.6564 2.81303e-11 0)
(12.6564 2.71181e-11 0)
(12.6564 2.42546e-11 0)
(12.6564 1.94194e-11 0)
(12.6564 1.42931e-11 0)
(12.6564 7.78973e-12 0)
(12.6564 5.36137e-13 0)
(12.6564 -5.39942e-12 0)
(12.6564 -1.08386e-11 0)
(12.6564 -1.45634e-11 0)
(12.6564 -1.90092e-11 0)
(12.6564 -2.94918e-11 0)
(12.6564 -4.88329e-11 0)
(12.6564 -7.07561e-11 0)
(12.6564 -9.94848e-11 0)
(12.6564 -1.50122e-10 0)
(12.6564 -2.39391e-10 0)
(12.6564 -4.13552e-10 0)
(12.6564 -7.97003e-10 0)
(12.6564 -1.90855e-09 0)
(12.6564 -5.06873e-09 0)
(12.6564 -2.74025e-08 0)
(13.7065 -3.55602e-08 0)
(13.7065 -2.14969e-09 0)
(13.7065 2.12619e-08 0)
(13.7065 2.05428e-08 0)
(13.7065 1.46434e-08 0)
(13.7065 9.05065e-09 0)
(13.7065 5.01964e-09 0)
(13.7065 2.53309e-09 0)
(13.7065 1.17421e-09 0)
(13.7065 4.88168e-10 0)
(13.7065 1.94681e-10 0)
(13.7065 7.77872e-11 0)
(13.7065 4.16074e-11 0)
(13.7065 3.44946e-11 0)
(13.7065 3.0141e-11 0)
(13.7065 3.12778e-11 0)
(13.7065 3.11628e-11 0)
(13.7065 3.49042e-11 0)
(13.7065 3.58753e-11 0)
(13.7065 3.44254e-11 0)
(13.7065 3.09813e-11 0)
(13.7065 2.49612e-11 0)
(13.7065 1.86427e-11 0)
(13.7065 1.07793e-11 0)
(13.7065 1.77131e-12 0)
(13.7065 -5.46007e-12 0)
(13.7065 -1.21071e-11 0)
(13.7065 -1.68145e-11 0)
(13.7065 -2.32712e-11 0)
(13.7065 -3.52172e-11 0)
(13.7065 -5.69518e-11 0)
(13.7065 -8.35686e-11 0)
(13.7065 -1.18638e-10 0)
(13.7065 -1.80041e-10 0)
(13.7065 -2.85672e-10 0)
(13.7065 -4.8945e-10 0)
(13.7065 -9.27101e-10 0)
(13.7065 -2.12785e-09 0)
(13.7065 -5.47574e-09 0)
(13.7065 -2.77761e-08 0)
(14.5267 -2.98677e-08 0)
(14.5267 -1.14631e-09 0)
(14.5267 1.85816e-08 0)
(14.5267 1.76806e-08 0)
(14.5267 1.25723e-08 0)
(14.5267 7.8175e-09 0)
(14.5267 4.38141e-09 0)
(14.5267 2.23927e-09 0)
(14.5267 1.056e-09 0)
(14.5267 4.47999e-10 0)
(14.5267 1.86851e-10 0)
(14.5267 8.13745e-11 0)
(14.5267 4.87397e-11 0)
(14.5267 4.30636e-11 0)
(14.5267 3.90849e-11 0)
(14.5267 4.09214e-11 0)
(14.5267 4.0667e-11 0)
(14.5267 4.42061e-11 0)
(14.5267 4.46432e-11 0)
(14.5267 4.24026e-11 0)
(14.5267 3.82024e-11 0)
(14.5267 3.10694e-11 0)
(14.5267 2.36127e-11 0)
(14.5267 1.45264e-11 0)
(14.5267 3.99318e-12 0)
(14.5267 -4.52996e-12 0)
(14.5267 -1.24803e-11 0)
(14.5267 -1.84398e-11 0)
(14.5267 -2.66537e-11 0)
(14.5267 -4.00355e-11 0)
(14.5267 -6.40036e-11 0)
(14.5267 -9.49134e-11 0)
(14.5267 -1.36283e-10 0)
(14.5267 -2.07638e-10 0)
(14.5267 -3.2843e-10 0)
(14.5267 -5.57499e-10 0)
(14.5267 -1.03431e-09 0)
(14.5267 -2.24292e-09 0)
(14.5267 -5.50666e-09 0)
(14.5267 -2.41481e-08 0)
(15.2058 -2.20718e-08 0)
(15.2058 -2.79486e-09 0)
(15.2058 1.36995e-08 0)
(15.2058 1.36754e-08 0)
(15.2058 9.9632e-09 0)
(15.2058 6.40088e-09 0)
(15.2058 3.75881e-09 0)
(15.2058 2.04787e-09 0)
(15.2058 1.05749e-09 0)
(15.2058 5.12496e-10 0)
(15.2058 2.57965e-10 0)
(15.2058 1.39635e-10 0)
(15.2058 9.15573e-11 0)
(15.2058 7.38812e-11 0)
(15.2058 6.15486e-11 0)
(15.2058 5.83623e-11 0)
(15.2058 5.46299e-11 0)
(15.2058 5.5893e-11 0)
(15.2058 5.46996e-11 0)
(15.2058 5.112e-11 0)
(15.2058 4.58758e-11 0)
(15.2058 3.75884e-11 0)
(15.2058 2.89872e-11 0)
(15.2058 1.87466e-11 0)
(15.2058 6.82478e-12 0)
(15.2058 -2.96769e-12 0)
(15.2058 -1.2239e-11 0)
(15.2058 -1.95657e-11 0)
(15.2058 -2.93834e-11 0)
(15.2058 -4.42569e-11 0)
(15.2058 -7.03741e-11 0)
(15.2058 -1.05428e-10 0)
(15.2058 -1.52985e-10 0)
(15.2058 -2.33749e-10 0)
(15.2058 -3.6876e-10 0)
(15.2058 -6.19435e-10 0)
(15.2058 -1.12188e-09 0)
(15.2058 -2.26625e-09 0)
(15.2058 -5.18112e-09 0)
(15.2058 -1.69374e-08 0)
(15.7905 -7.22106e-09 0)
(15.7905 -4.68235e-09 0)
(15.7905 3.16758e-09 0)
(15.7905 5.9657e-09 0)
(15.7905 5.57749e-09 0)
(15.7905 4.28336e-09 0)
(15.7905 2.93915e-09 0)
(15.7905 1.86354e-09 0)
(15.7905 1.13055e-09 0)
(15.7905 6.55609e-10 0)
(15.7905 3.94118e-10 0)
(15.7905 2.45635e-10 0)
(15.7905 1.66925e-10 0)
(15.7905 1.25675e-10 0)
(15.7905 9.7011e-11 0)
(15.7905 8.33817e-11 0)
(15.7905 7.28765e-11 0)
(15.7905 6.9771e-11 0)
(15.7905 6.57897e-11 0)
(15.7905 6.02635e-11 0)
(15.7905 5.36317e-11 0)
(15.7905 4.40961e-11 0)
(15.7905 3.43223e-11 0)
(15.7905 2.29619e-11 0)
(15.7905 9.75397e-12 0)
(15.7905 -1.28136e-12 0)
(15.7905 -1.18598e-11 0)
(15.7905 -2.05902e-11 0)
(15.7905 -3.19268e-11 0)
(15.7905 -4.83585e-11 0)
(15.7905 -7.65755e-11 0)
(15.7905 -1.15699e-10 0)
(15.7905 -1.69358e-10 0)
(15.7905 -2.59185e-10 0)
(15.7905 -4.07641e-10 0)
(15.7905 -6.76771e-10 0)
(15.7905 -1.19319e-09 0)
(15.7905 -2.21929e-09 0)
(15.7905 -4.50177e-09 0)
(15.7905 -5.32212e-09 0)
(16.3083 1.06833e-08 0)
(16.3083 -1.22014e-09 0)
(16.3083 -9.50741e-09 0)
(16.3083 -4.08606e-09 0)
(16.3083 6.22618e-11 0)
(16.3083 1.76381e-09 0)
(16.3083 2.01485e-09 0)
(16.3083 1.67443e-09 0)
(16.3083 1.22674e-09 0)
(16.3083 8.27013e-10 0)
(16.3083 5.55934e-10 0)
(16.3083 3.72626e-10 0)
(16.3083 2.58192e-10 0)
(16.3083 1.88689e-10 0)
(16.3083 1.39979e-10 0)
(16.3083 1.12976e-10 0)
(16.3083 9.37531e-11 0)
(16.3083 8.49188e-11 0)
(16.3083 7.73223e-11 0)
(16.3083 6.93726e-11 0)
(16.3083 6.10752e-11 0)
(16.3083 5.02118e-11 0)
(16.3083 3.92222e-11 0)
(16.3083 2.67635e-11 0)
(16.3083 1.23529e-11 0)
(16.3083 9.47006e-14 0)
(16.3083 -1.17581e-11 0)
(16.3083 -2.18933e-11 0)
(16.3083 -3.47004e-11 0)
(16.3083 -5.27462e-11 0)
(16.3083 -8.30464e-11 0)
(16.3083 -1.26188e-10 0)
(16.3083 -1.85869e-10 0)
(16.3083 -2.84498e-10 0)
(16.3083 -4.45692e-10 0)
(16.3083 -7.30619e-10 0)
(16.3083 -1.25278e-09 0)
(16.3083 -2.15099e-09 0)
(16.3083 -3.59225e-09 0)
(16.3083 3.59511e-09 0)
(16.7763 1.16302e-08 0)
(16.7763 3.4214e-09 0)
(16.7763 -9.64062e-09 0)
(16.7763 -5.85925e-09 0)
(16.7763 -1.288e-09 0)
(16.7763 1.08758e-09 0)
(16.7763 1.80506e-09 0)
(16.7763 1.71141e-09 0)
(16.7763 1.36447e-09 0)
(16.7763 9.84884e-10 0)
(16.7763 6.96134e-10 0)
(16.7763 4.83561e-10 0)
(16.7763 3.40123e-10 0)
(16.7763 2.47033e-10 0)
(16.7763 1.80933e-10 0)
(16.7763 1.4165e-10 0)
(16.7763 1.1415e-10 0)
(16.7763 9.95895e-11 0)
(16.7763 8.82826e-11 0)
(16.7763 7.7801e-11 0)
(16.7763 6.77427e-11 0)
(16.7763 5.55345e-11 0)
(16.7763 4.33171e-11 0)
(16.7763 2.97824e-11 0)
(16.7763 1.42349e-11 0)
(16.7763 7.7884e-13 0)
(16.7763 -1.23005e-11 0)
(16.7763 -2.38306e-11 0)
(16.7763 -3.80848e-11 0)
(16.7763 -5.77922e-11 0)
(16.7763 -9.01807e-11 0)
(16.7763 -1.37288e-10 0)
(16.7763 -2.02898e-10 0)
(16.7763 -3.10078e-10 0)
(16.7763 -4.83335e-10 0)
(16.7763 -7.81925e-10 0)
(16.7763 -1.30675e-09 0)
(16.7763 -2.12078e-09 0)
(16.7763 -3.16566e-09 0)
(16.7763 1.05683e-09 0)
(17.2061 -6.4023e-09 0)
(17.2061 -8.49025e-09 0)
(17.2061 2.01031e-09 0)
(17.2061 4.43036e-09 0)
(17.2061 4.17041e-09 0)
(17.2061 3.47661e-09 0)
(17.2061 2.75202e-09 0)
(17.2061 2.08836e-09 0)
(17.2061 1.542e-09 0)
(17.2061 1.09615e-09 0)
(17.2061 7.7989e-10 0)
(17.2061 5.50421e-10 0)
(17.2061 3.92602e-10 0)
(17.2061 2.87195e-10 0)
(17.2061 2.11216e-10 0)
(17.2061 1.64081e-10 0)
(17.2061 1.30881e-10 0)
(17.2061 1.11906e-10 0)
(17.2061 9.75616e-11 0)
(17.2061 8.48757e-11 0)
(17.2061 7.31854e-11 0)
(17.2061 5.9714e-11 0)
(17.2061 4.63105e-11 0)
(17.2061 3.17237e-11 0)
(17.2061 1.50997e-11 0)
(17.2061 4.68176e-13 0)
(17.2061 -1.37951e-11 0)
(17.2061 -2.67034e-11 0)
(17.2061 -4.24025e-11 0)
(17.2061 -6.38172e-11 0)
(17.2061 -9.8314e-11 0)
(17.2061 -1.49312e-10 0)
(17.2061 -2.20726e-10 0)
(17.2061 -3.36174e-10 0)
(17.2061 -5.208e-10 0)
(17.2061 -8.31289e-10 0)
(17.2061 -1.35842e-09 0)
(17.2061 -2.13457e-09 0)
(17.2061 -3.45276e-09 0)
(17.2061 -2.35345e-10 0)
(17.6054 -1.22646e-08 0)
(17.6054 -8.30519e-09 0)
(17.6054 5.67472e-09 0)
(17.6054 7.43951e-09 0)
(17.6054 5.98054e-09 0)
(17.6054 4.3625e-09 0)
(17.6054 3.11838e-09 0)
(17.6054 2.22164e-09 0)
(17.6054 1.59074e-09 0)
(17.6054 1.12308e-09 0)
(17.6054 8.03224e-10 0)
(17.6054 5.74371e-10 0)
(17.6054 4.15691e-10 0)
(17.6054 3.07931e-10 0)
(17.6054 2.29106e-10 0)
(17.6054 1.78665e-10 0)
(17.6054 1.42679e-10 0)
(17.6054 1.20984e-10 0)
(17.6054 1.04563e-10 0)
(17.6054 9.01994e-11 0)
(17.6054 7.71278e-11 0)
(17.6054 6.25444e-11 0)
(17.6054 4.80105e-11 0)
(17.6054 3.2399e-11 0)
(17.6054 1.47518e-11 0)
(17.6054 -1.04254e-12 0)
(17.6054 -1.64555e-11 0)
(17.6054 -3.07308e-11 0)
(17.6054 -4.78941e-11 0)
(17.6054 -7.10646e-11 0)
(17.6054 -1.07698e-10 0)
(17.6054 -1.62481e-10 0)
(17.6054 -2.39521e-10 0)
(17.6054 -3.62863e-10 0)
(17.6054 -5.58086e-10 0)
(17.6054 -8.7881e-10 0)
(17.6054 -1.40599e-09 0)
(17.6054 -2.17123e-09 0)
(17.6054 -3.44601e-09 0)
(17.6054 -4.41827e-09 0)
(17.9799 -1.39666e-09 0)
(17.9799 5.62034e-09 0)
(17.9799 -2.70584e-10 0)
(17.9799 8.54714e-11 0)
(17.9799 1.6593e-09 0)
(17.9799 2.34906e-09 0)
(17.9799 2.29601e-09 0)
(17.9799 1.91513e-09 0)
(17.9799 1.48542e-09 0)
(17.9799 1.09328e-09 0)
(17.9799 7.99844e-10 0)
(17.9799 5.81191e-10 0)
(17.9799 4.25878e-10 0)
(17.9799 3.18707e-10 0)
(17.9799 2.3959e-10 0)
(17.9799 1.87852e-10 0)
(17.9799 1.50645e-10 0)
(17.9799 1.27287e-10 0)
(17.9799 1.09465e-10 0)
(17.9799 9.38286e-11 0)
(17.9799 7.95813e-11 0)
(17.9799 6.40025e-11 0)
(17.9799 4.83806e-11 0)
(17.9799 3.17517e-11 0)
(17.9799 1.3107e-11 0)
(17.9799 -3.85811e-12 0)
(17.9799 -2.03992e-11 0)
(17.9799 -3.60382e-11 0)
(17.9799 -5.47049e-11 0)
(17.9799 -7.96863e-11 0)
(17.9799 -1.18483e-10 0)
(17.9799 -1.76897e-10 0)
(17.9799 -2.59304e-10 0)
(17.9799 -3.90023e-10 0)
(17.9799 -5.9493e-10 0)
(17.9799 -9.24216e-10 0)
(17.9799 -1.44814e-09 0)
(17.9799 -2.17815e-09 0)
(17.9799 -3.02224e-09 0)
(17.9799 -8.55544e-09 0)
(18.3339 -4.6506e-10 0)
(18.3339 -2.99875e-09 0)
(18.3339 -1.83069e-09 0)
(18.3339 8.07468e-10 0)
(18.3339 2.22834e-09 0)
(18.3339 2.56874e-09 0)
(18.3339 2.35789e-09 0)
(18.3339 1.93562e-09 0)
(18.3339 1.5005e-09 0)
(18.3339 1.11019e-09 0)
(18.3339 8.15385e-10 0)
(18.3339 5.9528e-10 0)
(18.3339 4.37925e-10 0)
(18.3339 3.28752e-10 0)
(18.3339 2.48348e-10 0)
(18.3339 1.95048e-10 0)
(18.3339 1.56748e-10 0)
(18.3339 1.31937e-10 0)
(18.3339 1.12904e-10 0)
(18.3339 9.6133e-11 0)
(18.3339 8.0768e-11 0)
(18.3339 6.42204e-11 0)
(18.3339 4.7505e-11 0)
(18.3339 2.98284e-11 0)
(18.3339 1.01789e-11 0)
(18.3339 -7.97653e-12 0)
(18.3339 -2.56482e-11 0)
(18.3339 -4.266e-11 0)
(18.3339 -6.2882e-11 0)
(18.3339 -8.97336e-11 0)
(18.3339 -1.30702e-10 0)
(18.3339 -1.92533e-10 0)
(18.3339 -2.79928e-10 0)
(18.3339 -4.17298e-10 0)
(18.3339 -6.30772e-10 0)
(18.3339 -9.67202e-10 0)
(18.3339 -1.48777e-09 0)
(18.3339 -2.14394e-09 0)
(18.3339 -2.95254e-09 0)
(18.3339 -8.55145e-10 0)
(18.6703 -7.11326e-10 0)
(18.6703 -6.75308e-09 0)
(18.6703 -2.1903e-09 0)
(18.6703 1.40508e-09 0)
(18.6703 2.61954e-09 0)
(18.6703 2.68941e-09 0)
(18.6703 2.37267e-09 0)
(18.6703 1.93769e-09 0)
(18.6703 1.51274e-09 0)
(18.6703 1.13183e-09 0)
(18.6703 8.3774e-10 0)
(18.6703 6.15352e-10 0)
(18.6703 4.54071e-10 0)
(18.6703 3.40959e-10 0)
(18.6703 2.57875e-10 0)
(18.6703 2.02121e-10 0)
(18.6703 1.62257e-10 0)
(18.6703 1.35775e-10 0)
(18.6703 1.1542e-10 0)
(18.6703 9.74691e-11 0)
(18.6703 8.09341e-11 0)
(18.6703 6.33773e-11 0)
(18.6703 4.55189e-11 0)
(18.6703 2.67329e-11 0)
(18.6703 6.0519e-12 0)
(18.6703 -1.33269e-11 0)
(18.6703 -3.2147e-11 0)
(18.6703 -5.05574e-11 0)
(18.6703 -7.23898e-11 0)
(18.6703 -1.01163e-10 0)
(18.6703 -1.44281e-10 0)
(18.6703 -2.09228e-10 0)
(18.6703 -3.01062e-10 0)
(18.6703 -4.44063e-10 0)
(18.6703 -6.64665e-10 0)
(18.6703 -1.00738e-09 0)
(18.6703 -1.52816e-09 0)
(18.6703 -2.15636e-09 0)
(18.6703 -2.68908e-09 0)
(18.6703 2.24436e-09 0)
(18.9912 9.56773e-09 0)
(18.9912 5.7886e-09 0)
(18.9912 -6.75297e-09 0)
(18.9912 -5.55077e-09 0)
(18.9912 -2.09698e-09 0)
(18.9912 1.89414e-10 0)
(18.9912 1.24608e-09 0)
(18.9912 1.50295e-09 0)
(18.9912 1.37884e-09 0)
(18.9912 1.11378e-09 0)
(18.9912 8.54331e-10 0)
(18.9912 6.37899e-10 0)
(18.9912 4.73128e-10 0)
(18.9912 3.54714e-10 0)
(18.9912 2.67722e-10 0)
(18.9912 2.08741e-10 0)
(18.9912 1.66922e-10 0)
(18.9912 1.38635e-10 0)
(18.9912 1.16921e-10 0)
(18.9912 9.7808e-11 0)
(18.9912 8.01043e-11 0)
(18.9912 6.1526e-11 0)
(18.9912 4.25041e-11 0)
(18.9912 2.25573e-11 0)
(18.9912 8.18713e-13 0)
(18.9912 -1.98125e-11 0)
(18.9912 -3.98081e-11 0)
(18.9912 -5.9642e-11 0)
(18.9912 -8.31286e-11 0)
(18.9912 -1.13849e-10 0)
(18.9912 -1.59043e-10 0)
(18.9912 -2.26689e-10 0)
(18.9912 -3.22188e-10 0)
(18.9912 -4.69389e-10 0)
(18.9912 -6.95133e-10 0)
(18.9912 -1.04347e-09 0)
(18.9912 -1.5735e-09 0)
(18.9912 -2.23141e-09 0)
(18.9912 -2.35363e-09 0)
(18.9912 -2.63972e-10 0)
(19.2984 6.88378e-09 0)
(19.2984 1.13762e-09 0)
(19.2984 -6.33947e-09 0)
(19.2984 -3.52747e-09 0)
(19.2984 -3.43771e-10 0)
(19.2984 1.42991e-09 0)
(19.2984 2.07006e-09 0)
(19.2984 2.02841e-09 0)
(19.2984 1.70086e-09 0)
(19.2984 1.30625e-09 0)
(19.2984 9.65239e-10 0)
(19.2984 7.00557e-10 0)
(19.2984 5.07541e-10 0)
(19.2984 3.72814e-10 0)
(19.2984 2.77336e-10 0)
(19.2984 2.13514e-10 0)
(19.2984 1.69375e-10 0)
(19.2984 1.39457e-10 0)
(19.2984 1.16671e-10 0)
(19.2984 9.66799e-11 0)
(19.2984 7.80165e-11 0)
(19.2984 5.85437e-11 0)
(19.2984 3.84319e-11 0)
(19.2984 1.73418e-11 0)
(19.2984 -5.44658e-12 0)
(19.2984 -2.73274e-11 0)
(19.2984 -4.85148e-11 0)
(19.2984 -6.97862e-11 0)
(19.2984 -9.4947e-11 0)
(19.2984 -1.27599e-10 0)
(19.2984 -1.74717e-10 0)
(19.2984 -2.44507e-10 0)
(19.2984 -3.42602e-10 0)
(19.2984 -4.92003e-10 0)
(19.2984 -7.1997e-10 0)
(19.2984 -1.07275e-09 0)
(19.2984 -1.62938e-09 0)
(19.2984 -2.39794e-09 0)
(19.2984 -3.01536e-09 0)
(19.2984 5.8211e-10 0)
(19.5928 -1.47453e-08 0)
(19.5928 -7.49389e-09 0)
(19.5928 4.46754e-09 0)
(19.5928 8.34998e-09 0)
(19.5928 8.10279e-09 0)
(19.5928 6.7291e-09 0)
(19.5928 5.17095e-09 0)
(19.5928 3.75027e-09 0)
(19.5928 2.61504e-09 0)
(19.5928 1.7746e-09 0)
(19.5928 1.19599e-09 0)
(19.5928 8.09931e-10 0)
(19.5928 5.56472e-10 0)
(19.5928 3.92359e-10 0)
(19.5928 2.83835e-10 0)
(19.5928 2.14225e-10 0)
(19.5928 1.68089e-10 0)
(19.5928 1.37277e-10 0)
(19.5928 1.14107e-10 0)
(19.5928 9.37879e-11 0)
(19.5928 7.45517e-11 0)
(19.5928 5.44197e-11 0)
(19.5928 3.33627e-11 0)
(19.5928 1.11951e-11 0)
(19.5928 -1.26088e-11 0)
(19.5928 -3.57207e-11 0)
(19.5928 -5.81126e-11 0)
(19.5928 -8.08237e-11 0)
(19.5928 -1.07645e-10 0)
(19.5928 -1.4216e-10 0)
(19.5928 -1.90956e-10 0)
(19.5928 -2.62168e-10 0)
(19.5928 -3.61434e-10 0)
(19.5928 -5.10271e-10 0)
(19.5928 -7.35871e-10 0)
(19.5928 -1.08878e-09 0)
(19.5928 -1.68611e-09 0)
(19.5928 -2.73719e-09 0)
(19.5928 -4.80142e-09 0)
(19.5928 -9.84919e-09 0)
(19.875 -3.61079e-08 0)
(19.875 -2.3307e-08 0)
(19.875 1.20135e-08 0)
(19.875 2.10503e-08 0)
(19.875 1.84446e-08 0)
(19.875 1.35847e-08 0)
(19.875 9.23093e-09 0)
(19.875 5.97941e-09 0)
(19.875 3.7717e-09 0)
(19.875 2.35027e-09 0)
(19.875 1.4716e-09 0)
(19.875 9.37018e-10 0)
(19.875 6.12035e-10 0)
(19.875 4.14207e-10 0)
(19.875 2.9097e-10 0)
(19.875 2.15009e-10 0)
(19.875 1.66644e-10 0)
(19.875 1.349e-10 0)
(19.875 1.11322e-10 0)
(19.875 9.06593e-11 0)
(19.875 7.08164e-11 0)
(19.875 4.99576e-11 0)
(19.875 2.78952e-11 0)
(19.875 4.57708e-12 0)
(19.875 -2.03016e-11 0)
(19.875 -4.46798e-11 0)
(19.875 -6.83336e-11 0)
(19.875 -9.25027e-11 0)
(19.875 -1.2095e-10 0)
(19.875 -1.572e-10 0)
(19.875 -2.07334e-10 0)
(19.875 -2.79082e-10 0)
(19.875 -3.77712e-10 0)
(19.875 -5.2228e-10 0)
(19.875 -7.38186e-10 0)
(19.875 -1.07746e-09 0)
(19.875 -1.69048e-09 0)
(19.875 -2.98548e-09 0)
(19.875 -6.78866e-09 0)
(19.875 -1.62262e-08 0)
(20.1452 -2.76019e-08 0)
(20.1452 -1.3868e-08 0)
(20.1452 9.5342e-09 0)
(20.1452 1.56032e-08 0)
(20.1452 1.39346e-08 0)
(20.1452 1.0632e-08 0)
(20.1452 7.51678e-09 0)
(20.1452 5.05863e-09 0)
(20.1452 3.30388e-09 0)
(20.1452 2.12549e-09 0)
(20.1452 1.36949e-09 0)
(20.1452 8.94223e-10 0)
(20.1452 5.96302e-10 0)
(20.1452 4.09729e-10 0)
(20.1452 2.91149e-10 0)
(20.1452 2.16516e-10 0)
(20.1452 1.68344e-10 0)
(20.1452 1.35995e-10 0)
(20.1452 1.11533e-10 0)
(20.1452 8.98553e-11 0)
(20.1452 6.87633e-11 0)
(20.1452 4.66084e-11 0)
(20.1452 2.31027e-11 0)
(20.1452 -1.70173e-12 0)
(20.1452 -2.79091e-11 0)
(20.1452 -5.37156e-11 0)
(20.1452 -7.87668e-11 0)
(20.1452 -1.04453e-10 0)
(20.1452 -1.34492e-10 0)
(20.1452 -1.72302e-10 0)
(20.1452 -2.23347e-10 0)
(20.1452 -2.94616e-10 0)
(20.1452 -3.90482e-10 0)
(20.1452 -5.26185e-10 0)
(20.1452 -7.21915e-10 0)
(20.1452 -1.02067e-09 0)
(20.1452 -1.55962e-09 0)
(20.1452 -2.77471e-09 0)
(20.1452 -6.05146e-09 0)
(20.1452 -1.62605e-08 0)
(20.4031 -7.92386e-09 0)
(20.4031 1.68204e-09 0)
(20.4031 4.28319e-09 0)
(20.4031 4.22177e-09 0)
(20.4031 3.74323e-09 0)
(20.4031 3.30237e-09 0)
(20.4031 2.80002e-09 0)
(20.4031 2.23528e-09 0)
(20.4031 1.7005e-09 0)
(20.4031 1.25463e-09 0)
(20.4031 9.15369e-10 0)
(20.4031 6.67923e-10 0)
(20.4031 4.90119e-10 0)
(20.4031 3.64399e-10 0)
(20.4031 2.75735e-10 0)
(20.4031 2.14634e-10 0)
(20.4031 1.71928e-10 0)
(20.4031 1.4085e-10 0)
(20.4031 1.15731e-10 0)
(20.4031 9.25781e-11 0)
(20.4031 6.95629e-11 0)
(20.4031 4.54081e-11 0)
(20.4031 1.98641e-11 0)
(20.4031 -6.90659e-12 0)
(20.4031 -3.48147e-11 0)
(20.4031 -6.23024e-11 0)
(20.4031 -8.89458e-11 0)
(20.4031 -1.16244e-10 0)
(20.4031 -1.47827e-10 0)
(20.4031 -1.86981e-10 0)
(20.4031 -2.38458e-10 0)
(20.4031 -3.08185e-10 0)
(20.4031 -3.99054e-10 0)
(20.4031 -5.21024e-10 0)
(20.4031 -6.84806e-10 0)
(20.4031 -9.09973e-10 0)
(20.4031 -1.26599e-09 0)
(20.4031 -1.96223e-09 0)
(20.4031 -3.60162e-09 0)
(20.4031 -9.9584e-09 0)
(20.6482 -1.38324e-09 0)
(20.6482 -7.46443e-09 0)
(20.6482 -1.47853e-09 0)
(20.6482 2.13855e-09 0)
(20.6482 2.80377e-09 0)
(20.6482 2.25499e-09 0)
(20.6482 1.53998e-09 0)
(20.6482 1.01668e-09 0)
(20.6482 7.09511e-10 0)
(20.6482 5.43613e-10 0)
(20.6482 4.50675e-10 0)
(20.6482 3.86927e-10 0)
(20.6482 3.3247e-10 0)
(20.6482 2.83272e-10 0)
(20.6482 2.39434e-10 0)
(20.6482 2.02663e-10 0)
(20.6482 1.72084e-10 0)
(20.6482 1.45964e-10 0)
(20.6482 1.21908e-10 0)
(20.6482 9.78433e-11 0)
(20.6482 7.28705e-11 0)
(20.6482 4.63819e-11 0)
(20.6482 1.83969e-11 0)
(20.6482 -1.0723e-11 0)
(20.6482 -4.06589e-11 0)
(20.6482 -7.00532e-11 0)
(20.6482 -9.84677e-11 0)
(20.6482 -1.27449e-10 0)
(20.6482 -1.60494e-10 0)
(20.6482 -2.00719e-10 0)
(20.6482 -2.52114e-10 0)
(20.6482 -3.19324e-10 0)
(20.6482 -4.03317e-10 0)
(20.6482 -5.07776e-10 0)
(20.6482 -6.30798e-10 0)
(20.6482 -7.58553e-10 0)
(20.6482 -8.60502e-10 0)
(20.6482 -8.20043e-10 0)
(20.6482 -8.61025e-10 0)
(20.6482 3.44666e-09 0)
(20.8792 2.48208e-08 0)
(20.8792 1.89223e-08 0)
(20.8792 -4.52601e-09 0)
(20.8792 -1.2652e-08 0)
(20.8792 -1.22516e-08 0)
(20.8792 -9.53931e-09 0)
(20.8792 -6.6357e-09 0)
(20.8792 -4.23449e-09 0)
(20.8792 -2.48959e-09 0)
(20.8792 -1.32979e-09 0)
(20.8792 -6.12738e-10 0)
(20.8792 -2.002e-10 0)
(20.8792 1.80004e-11 0)
(20.8792 1.21583e-10 0)
(20.8792 1.61893e-10 0)
(20.8792 1.7012e-10 0)
(20.8792 1.62621e-10 0)
(20.8792 1.47303e-10 0)
(20.8792 1.27346e-10 0)
(20.8792 1.03832e-10 0)
(20.8792 7.75133e-11 0)
(20.8792 4.88292e-11 0)
(20.8792 1.83366e-11 0)
(20.8792 -1.32672e-11 0)
(20.8792 -4.53867e-11 0)
(20.8792 -7.67881e-11 0)
(20.8792 -1.07048e-10 0)
(20.8792 -1.37694e-10 0)
(20.8792 -1.72036e-10 0)
(20.8792 -2.12989e-10 0)
(20.8792 -2.63796e-10 0)
(20.8792 -3.2779e-10 0)
(20.8792 -4.03989e-10 0)
(20.8792 -4.9004e-10 0)
(20.8792 -5.71674e-10 0)
(20.8792 -6.01783e-10 0)
(20.8792 -4.40191e-10 0)
(20.8792 3.22289e-10 0)
(20.8792 3.48607e-09 0)
(20.8792 1.03125e-08 0)
(21.0946 3.81289e-08 0)
(21.0946 3.02527e-08 0)
(21.0946 -6.41589e-09 0)
(21.0946 -1.98478e-08 0)
(21.0946 -1.96473e-08 0)
(21.0946 -1.53567e-08 0)
(21.0946 -1.06276e-08 0)
(21.0946 -6.73994e-09 0)
(21.0946 -3.96353e-09 0)
(21.0946 -2.15383e-09 0)
(21.0946 -1.05413e-09 0)
(21.0946 -4.26651e-10 0)
(21.0946 -9.12339e-11 0)
(21.0946 7.49646e-11 0)
(21.0946 1.48211e-10 0)
(21.0946 1.72986e-10 0)
(21.0946 1.72997e-10 0)
(21.0946 1.6009e-10 0)
(21.0946 1.39708e-10 0)
(21.0946 1.14262e-10 0)
(21.0946 8.5198e-11 0)
(21.0946 5.34798e-11 0)
(21.0946 1.99761e-11 0)
(21.0946 -1.44068e-11 0)
(21.0946 -4.8886e-11 0)
(21.0946 -8.23565e-11 0)
(21.0946 -1.14452e-10 0)
(21.0946 -1.46648e-10 0)
(21.0946 -1.82028e-10 0)
(21.0946 -2.23295e-10 0)
(21.0946 -2.73063e-10 0)
(21.0946 -3.33564e-10 0)
(21.0946 -4.02491e-10 0)
(21.0946 -4.7364e-10 0)
(21.0946 -5.26459e-10 0)
(21.0946 -4.99185e-10 0)
(21.0946 -2.04966e-10 0)
(21.0946 9.87247e-10 0)
(21.0946 5.22128e-09 0)
(21.0946 1.48358e-08 0)
(21.2923 5.8007e-09 0)
(21.2923 -5.49907e-10 0)
(21.2923 -2.74004e-09 0)
(21.2923 -2.84064e-09 0)
(21.2923 -2.31119e-09 0)
(21.2923 -1.68248e-09 0)
(21.2923 -1.0857e-09 0)
(21.2923 -5.83564e-10 0)
(21.2923 -2.07994e-10 0)
(21.2923 4.15209e-11 0)
(21.2923 1.86495e-10 0)
(21.2923 2.55881e-10 0)
(21.2923 2.77366e-10 0)
(21.2923 2.72914e-10 0)
(21.2923 2.56326e-10 0)
(21.2923 2.34832e-10 0)
(21.2923 2.11126e-10 0)
(21.2923 1.8563e-10 0)
(21.2923 1.57898e-10 0)
(21.2923 1.27456e-10 0)
(21.2923 9.43753e-11 0)
(21.2923 5.9129e-11 0)
(21.2923 2.24643e-11 0)
(21.2923 -1.46929e-11 0)
(21.2923 -5.14627e-11 0)
(21.2923 -8.68621e-11 0)
(21.2923 -1.20608e-10 0)
(21.2923 -1.54087e-10 0)
(21.2923 -1.90118e-10 0)
(21.2923 -2.31205e-10 0)
(21.2923 -2.79506e-10 0)
(21.2923 -3.36601e-10 0)
(21.2923 -4.00053e-10 0)
(21.2923 -4.63596e-10 0)
(21.2923 -5.11492e-10 0)
(21.2923 -5.05134e-10 0)
(21.2923 -3.48426e-10 0)
(21.2923 2.78255e-10 0)
(21.2923 1.60233e-09 0)
(21.2923 6.36223e-09 0)
(21.4694 -2.70238e-08 0)
(21.4694 -2.54161e-08 0)
(21.4694 1.17383e-09 0)
(21.4694 1.28661e-08 0)
(21.4694 1.44669e-08 0)
(21.4694 1.23534e-08 0)
(21.4694 9.31397e-09 0)
(21.4694 6.52137e-09 0)
(21.4694 4.36115e-09 0)
(21.4694 2.84301e-09 0)
(21.4694 1.83841e-09 0)
(21.4694 1.19898e-09 0)
(21.4694 8.02489e-10 0)
(21.4694 5.61213e-10 0)
(21.4694 4.15273e-10 0)
(21.4694 3.25123e-10 0)
(21.4694 2.65537e-10 0)
(21.4694 2.21066e-10 0)
(21.4694 1.82665e-10 0)
(21.4694 1.4544e-10 0)
(21.4694 1.07308e-10 0)
(21.4694 6.78543e-11 0)
(21.4694 2.75537e-11 0)
(21.4694 -1.27022e-11 0)
(21.4694 -5.19779e-11 0)
(21.4694 -8.93891e-11 0)
(21.4694 -1.24737e-10 0)
(21.4694 -1.59305e-10 0)
(21.4694 -1.95638e-10 0)
(21.4694 -2.36068e-10 0)
(21.4694 -2.82503e-10 0)
(21.4694 -3.36352e-10 0)
(21.4694 -3.96155e-10 0)
(21.4694 -4.58544e-10 0)
(21.4694 -5.19324e-10 0)
(21.4694 -5.82006e-10 0)
(21.4694 -6.98537e-10 0)
(21.4694 -1.1468e-09 0)
(21.4694 -3.30127e-09 0)
(21.4694 -8.29836e-09 0)
(21.6225 -1.1979e-08 0)
(21.6225 -5.73404e-09 0)
(21.6225 3.08627e-09 0)
(21.6225 6.07307e-09 0)
(21.6225 5.99088e-09 0)
(21.6225 5.00396e-09 0)
(21.6225 3.87608e-09 0)
(21.6225 2.87078e-09 0)
(21.6225 2.06893e-09 0)
(21.6225 1.47097e-09 0)
(21.6225 1.04465e-09 0)
(21.6225 7.50531e-10 0)
(21.6225 5.54194e-10 0)
(21.6225 4.28012e-10 0)
(21.6225 3.48696e-10 0)
(21.6225 2.9731e-10 0)
(21.6225 2.60025e-10 0)
(21.6225 2.27749e-10 0)
(21.6225 1.95118e-10 0)
(21.6225 1.59533e-10 0)
(21.6225 1.20457e-10 0)
(21.6225 7.86181e-11 0)
(21.6225 3.53407e-11 0)
(21.6225 -7.88846e-12 0)
(21.6225 -4.97521e-11 0)
(21.6225 -8.9258e-11 0)
(21.6225 -1.26189e-10 0)
(21.6225 -1.61675e-10 0)
(21.6225 -1.97975e-10 0)
(21.6225 -2.37258e-10 0)
(21.6225 -2.81324e-10 0)
(21.6225 -3.31681e-10 0)
(21.6225 -3.88101e-10 0)
(21.6225 -4.49756e-10 0)
(21.6225 -5.18055e-10 0)
(21.6225 -6.07679e-10 0)
(21.6225 -7.86345e-10 0)
(21.6225 -1.39175e-09 0)
(21.6225 -2.87912e-09 0)
(21.6225 -7.99046e-09 0)
(21.7473 1.38283e-08 0)
(21.7473 1.55943e-08 0)
(21.7473 1.65812e-09 0)
(21.7473 -5.64795e-09 0)
(21.7473 -7.34581e-09 0)
(21.7473 -6.51882e-09 0)
(21.7473 -4.84102e-09 0)
(21.7473 -3.17795e-09 0)
(21.7473 -1.87533e-09 0)
(21.7473 -9.8386e-10 0)
(21.7473 -4.29906e-10 0)
(21.7473 -1.11189e-10 0)
(21.7473 6.29778e-11 0)
(21.7473 1.57211e-10 0)
(21.7473 2.08116e-10 0)
(21.7473 2.33065e-10 0)
(21.7473 2.39711e-10 0)
(21.7473 2.31532e-10 0)
(21.7473 2.10672e-10 0)
(21.7473 1.79241e-10 0)
(21.7473 1.39809e-10 0)
(21.7473 9.52274e-11 0)
(21.7473 4.82623e-11 0)
(21.7473 1.32546e-12 0)
(21.7473 -4.37345e-11 0)
(21.7473 -8.57222e-11 0)
(21.7473 -1.24367e-10 0)
(21.7473 -1.60655e-10 0)
(21.7473 -1.96586e-10 0)
(21.7473 -2.34187e-10 0)
(21.7473 -2.75214e-10 0)
(21.7473 -3.21302e-10 0)
(21.7473 -3.73102e-10 0)
(21.7473 -4.30522e-10 0)
(21.7473 -4.92026e-10 0)
(21.7473 -5.49553e-10 0)
(21.7473 -5.69067e-10 0)
(21.7473 -4.09911e-10 0)
(21.7473 6.01938e-10 0)
(21.7473 2.50253e-09 0)
(21.8385 7.41463e-10 0)
(21.8385 -3.48687e-09 0)
(21.8385 -2.69205e-09 0)
(21.8385 -6.11681e-10 0)
(21.8385 7.41489e-10 0)
(21.8385 1.27255e-09 0)
(21.8385 1.32859e-09 0)
(21.8385 1.17913e-09 0)
(21.8385 9.68919e-10 0)
(21.8385 7.6489e-10 0)
(21.8385 5.93396e-10 0)
(21.8385 4.62352e-10 0)
(21.8385 3.74744e-10 0)
(21.8385 3.27865e-10 0)
(21.8385 3.08969e-10 0)
(21.8385 3.02414e-10 0)
(21.8385 2.95864e-10 0)
(21.8385 2.81418e-10 0)
(21.8385 2.55567e-10 0)
(21.8385 2.18395e-10 0)
(21.8385 1.72338e-10 0)
(21.8385 1.20859e-10 0)
(21.8385 6.74375e-11 0)
(21.8385 1.50063e-11 0)
(21.8385 -3.43131e-11 0)
(21.8385 -7.92891e-11 0)
(21.8385 -1.19709e-10 0)
(21.8385 -1.56523e-10 0)
(21.8385 -1.91566e-10 0)
(21.8385 -2.2677e-10 0)
(21.8385 -2.63865e-10 0)
(21.8385 -3.04617e-10 0)
(21.8385 -3.50556e-10 0)
(21.8385 -4.03268e-10 0)
(21.8385 -4.63794e-10 0)
(21.8385 -5.28151e-10 0)
(21.8385 -5.75319e-10 0)
(21.8385 -4.67821e-10 0)
(21.8385 -3.50328e-10 0)
(21.8385 1.91178e-09 0)
(21.8889 -1.129e-08 0)
(21.8889 -1.0829e-08 0)
(21.8889 -1.85392e-09 0)
(21.8889 3.95276e-09 0)
(21.8889 6.09687e-09 0)
(21.8889 6.1173e-09 0)
(21.8889 5.16768e-09 0)
(21.8889 3.95788e-09 0)
(21.8889 2.84522e-09 0)
(21.8889 1.96058e-09 0)
(21.8889 1.31631e-09 0)
(21.8889 8.77174e-10 0)
(21.8889 6.0396e-10 0)
(21.8889 4.57737e-10 0)
(21.8889 3.92505e-10 0)
(21.8889 3.68043e-10 0)
(21.8889 3.56152e-10 0)
(21.8889 3.39275e-10 0)
(21.8889 3.09286e-10 0)
(21.8889 2.65316e-10 0)
(21.8889 2.1069e-10 0)
(21.8889 1.5025e-10 0)
(21.8889 8.86425e-11 0)
(21.8889 2.95239e-11 0)
(21.8889 -2.46809e-11 0)
(21.8889 -7.27547e-11 0)
(21.8889 -1.1463e-10 0)
(21.8889 -1.51329e-10 0)
(21.8889 -1.84623e-10 0)
(21.8889 -2.16389e-10 0)
(21.8889 -2.48311e-10 0)
(21.8889 -2.82168e-10 0)
(21.8889 -3.20148e-10 0)
(21.8889 -3.66004e-10 0)
(21.8889 -4.27444e-10 0)
(21.8889 -5.23211e-10 0)
(21.8889 -7.07791e-10 0)
(21.8889 -1.17567e-09 0)
(21.8889 -2.27298e-09 0)
(21.8889 -4.91256e-09 0)
(21.8889 5.9702e-09 0)
(21.8889 1.0735e-08 0)
(21.8889 3.71395e-09 0)
(21.8889 -1.72988e-09 0)
(21.8889 -4.01089e-09 0)
(21.8889 -4.27528e-09 0)
(21.8889 -3.56217e-09 0)
(21.8889 -2.57834e-09 0)
(21.8889 -1.68723e-09 0)
(21.8889 -1.01438e-09 0)
(21.8889 -5.59887e-10 0)
(21.8889 -2.73573e-10 0)
(21.8889 -8.14403e-11 0)
(21.8889 7.01939e-11 0)
(21.8889 1.92607e-10 0)
(21.8889 2.85594e-10 0)
(21.8889 3.45267e-10 0)
(21.8889 3.67453e-10 0)
(21.8889 3.53292e-10 0)
(21.8889 3.09937e-10 0)
(21.8889 2.47549e-10 0)
(21.8889 1.76151e-10 0)
(21.8889 1.03798e-10 0)
(21.8889 3.60108e-11 0)
(21.8889 -2.40584e-11 0)
(21.8889 -7.51836e-11 0)
(21.8889 -1.17626e-10 0)
(21.8889 -1.5275e-10 0)
(21.8889 -1.82543e-10 0)
(21.8889 -2.08986e-10 0)
(21.8889 -2.33727e-10 0)
(21.8889 -2.58247e-10 0)
(21.8889 -2.84277e-10 0)
(21.8889 -3.14689e-10 0)
(21.8889 -3.54486e-10 0)
(21.8889 -4.11556e-10 0)
(21.8889 -4.93816e-10 0)
(21.8889 -6.08928e-10 0)
(21.8889 -2.68389e-10 0)
(21.8889 -7.94595e-10 0)
(21.8385 -3.35771e-09 0)
(21.8385 -5.12276e-09 0)
(21.8385 -8.94829e-10 0)
(21.8385 1.29595e-09 0)
(21.8385 1.74643e-09 0)
(21.8385 1.6008e-09 0)
(21.8385 1.28884e-09 0)
(21.8385 9.65498e-10 0)
(21.8385 6.91984e-10 0)
(21.8385 4.8099e-10 0)
(21.8385 3.26011e-10 0)
(21.8385 2.24077e-10 0)
(21.8385 2.22561e-10 0)
(21.8385 3.32545e-10 0)
(21.8385 4.72863e-10 0)
(21.8385 5.72536e-10 0)
(21.8385 6.01708e-10 0)
(21.8385 5.61754e-10 0)
(21.8385 4.72044e-10 0)
(21.8385 3.56865e-10 0)
(21.8385 2.36853e-10 0)
(21.8385 1.25805e-10 0)
(21.8385 3.09203e-11 0)
(21.8385 -4.55021e-11 0)
(21.8385 -1.04204e-10 0)
(21.8385 -1.4753e-10 0)
(21.8385 -1.78545e-10 0)
(21.8385 -2.00515e-10 0)
(21.8385 -2.16521e-10 0)
(21.8385 -2.29031e-10 0)
(21.8385 -2.39658e-10 0)
(21.8385 -2.4926e-10 0)
(21.8385 -2.583e-10 0)
(21.8385 -2.67504e-10 0)
(21.8385 -2.78559e-10 0)
(21.8385 -2.94425e-10 0)
(21.8385 -3.20799e-10 0)
(21.8385 -3.07626e-10 0)
(21.8385 -7.56835e-10 0)
(21.8385 -1.06139e-10 0)
(21.7474 -1.71126e-08 0)
(21.7474 -1.74426e-08 0)
(21.7474 -1.11746e-09 0)
(21.7474 7.65862e-09 0)
(21.7474 1.00178e-08 0)
(21.7474 9.37933e-09 0)
(21.7474 7.59012e-09 0)
(21.7474 5.63452e-09 0)
(21.7474 3.9532e-09 0)
(21.7474 2.66091e-09 0)
(21.7474 1.71805e-09 0)
(21.7474 1.03596e-09 0)
(21.7474 5.31985e-10 0)
(21.7474 1.64814e-10 0)
(21.7474 -8.66587e-11 0)
(21.7474 -2.57795e-10 0)
(21.7474 -3.79229e-10 0)
(21.7474 -4.6482e-10 0)
(21.7474 -5.19026e-10 0)
(21.7474 -5.4487e-10 0)
(21.7474 -5.46909e-10 0)
(21.7474 -5.31043e-10 0)
(21.7474 -5.03396e-10 0)
(21.7474 -4.6936e-10 0)
(21.7474 -4.33098e-10 0)
(21.7474 -3.9752e-10 0)
(21.7474 -3.64523e-10 0)
(21.7474 -3.35324e-10 0)
(21.7474 -3.10629e-10 0)
(21.7474 -2.90558e-10 0)
(21.7474 -2.74495e-10 0)
(21.7474 -2.61035e-10 0)
(21.7474 -2.48114e-10 0)
(21.7474 -2.3342e-10 0)
(21.7474 -2.15797e-10 0)
(21.7474 -2.01626e-10 0)
(21.7474 -2.32797e-10 0)
(21.7474 -5.13212e-10 0)
(21.7474 -1.91269e-09 0)
(21.7474 -5.02868e-09 0)
(21.6225 1.16055e-08 0)
(21.6225 1.13633e-08 0)
(21.6225 6.29558e-10 0)
(21.6225 -3.99574e-09 0)
(21.6225 -4.40472e-09 0)
(21.6225 -3.51334e-09 0)
(21.6225 -2.41066e-09 0)
(21.6225 -1.45189e-09 0)
(21.6225 -7.44402e-10 0)
(21.6225 -2.97459e-10 0)
(21.6225 -8.44499e-11 0)
(21.6225 -7.40202e-11 0)
(21.6225 -2.41246e-10 0)
(21.6225 -4.97942e-10 0)
(21.6225 -7.27638e-10 0)
(21.6225 -8.94756e-10 0)
(21.6225 -1.00424e-09 0)
(21.6225 -1.05888e-09 0)
(21.6225 -1.06215e-09 0)
(21.6225 -1.02279e-09 0)
(21.6225 -9.53214e-10 0)
(21.6225 -8.66291e-10 0)
(21.6225 -7.72966e-10 0)
(21.6225 -6.81238e-10 0)
(21.6225 -5.96144e-10 0)
(21.6225 -5.20319e-10 0)
(21.6225 -4.54705e-10 0)
(21.6225 -3.99228e-10 0)
(21.6225 -3.53223e-10 0)
(21.6225 -3.15496e-10 0)
(21.6225 -2.84217e-10 0)
(21.6225 -2.56692e-10 0)
(21.6225 -2.29144e-10 0)
(21.6225 -1.95996e-10 0)
(21.6225 -1.47566e-10 0)
(21.6225 -6.33462e-11 0)
(21.6225 1.08541e-10 0)
(21.6225 4.37148e-10 0)
(21.6225 1.73526e-09 0)
(21.6225 3.89671e-09 0)
(21.4694 3.39014e-08 0)
(21.4694 3.29521e-08 0)
(21.4694 4.52408e-10 0)
(21.4694 -1.50148e-08 0)
(21.4694 -1.73982e-08 0)
(21.4694 -1.46875e-08 0)
(21.4694 -1.07117e-08 0)
(21.4694 -7.0951e-09 0)
(21.4694 -4.36029e-09 0)
(21.4694 -2.51786e-09 0)
(21.4694 -1.39453e-09 0)
(21.4694 -7.91275e-10 0)
(21.4694 -5.42996e-10 0)
(21.4694 -5.03974e-10 0)
(21.4694 -5.55326e-10 0)
(21.4694 -6.36049e-10 0)
(21.4694 -7.17573e-10 0)
(21.4694 -7.80629e-10 0)
(21.4694 -8.13642e-10 0)
(21.4694 -8.13891e-10 0)
(21.4694 -7.8554e-10 0)
(21.4694 -7.36321e-10 0)
(21.4694 -6.74684e-10 0)
(21.4694 -6.08003e-10 0)
(21.4694 -5.41793e-10 0)
(21.4694 -4.79632e-10 0)
(21.4694 -4.23474e-10 0)
(21.4694 -3.74096e-10 0)
(21.4694 -3.31458e-10 0)
(21.4694 -2.94782e-10 0)
(21.4694 -2.62531e-10 0)
(21.4694 -2.32195e-10 0)
(21.4694 -2.00002e-10 0)
(21.4694 -1.59796e-10 0)
(21.4694 -9.84866e-11 0)
(21.4694 2.21779e-11 0)
(21.4694 3.33402e-10 0)
(21.4694 1.29948e-09 0)
(21.4694 4.74845e-09 0)
(21.4694 1.10575e-08 0)
(21.2923 1.63367e-09 0)
(21.2923 -3.69512e-09 0)
(21.2923 -1.0764e-09 0)
(21.2923 3.545e-10 0)
(21.2923 3.09768e-10 0)
(21.2923 -1.46857e-10 0)
(21.2923 -5.22747e-10 0)
(21.2923 -6.77199e-10 0)
(21.2923 -6.52481e-10 0)
(21.2923 -5.42118e-10 0)
(21.2923 -4.18645e-10 0)
(21.2923 -3.11778e-10 0)
(21.2923 -1.657e-10 0)
(21.2923 3.81838e-11 0)
(21.2923 2.16686e-10 0)
(21.2923 3.1352e-10 0)
(21.2923 3.19957e-10 0)
(21.2923 2.56059e-10 0)
(21.2923 1.5347e-10 0)
(21.2923 4.14004e-11 0)
(21.2923 -6.01972e-11 0)
(21.2923 -1.4124e-10 0)
(21.2923 -1.99114e-10 0)
(21.2923 -2.35693e-10 0)
(21.2923 -2.54934e-10 0)
(21.2923 -2.61223e-10 0)
(21.2923 -2.58475e-10 0)
(21.2923 -2.49789e-10 0)
(21.2923 -2.3736e-10 0)
(21.2923 -2.22351e-10 0)
(21.2923 -2.04927e-10 0)
(21.2923 -1.84198e-10 0)
(21.2923 -1.58313e-10 0)
(21.2923 -1.24436e-10 0)
(21.2923 -7.81485e-11 0)
(21.2923 -8.1436e-12 0)
(21.2923 1.24574e-10 0)
(21.2923 5.30437e-10 0)
(21.2923 1.13745e-09 0)
(21.2923 4.88082e-09 0)
(21.0947 -2.20728e-08 0)
(21.0947 -1.86303e-08 0)
(21.0947 3.17243e-09 0)
(21.0947 1.17264e-08 0)
(21.0947 1.18444e-08 0)
(21.0947 9.31461e-09 0)
(21.0947 6.42173e-09 0)
(21.0947 4.01659e-09 0)
(21.0947 2.30743e-09 0)
(21.0947 1.21121e-09 0)
(21.0947 5.61772e-10 0)
(21.0947 2.07303e-10 0)
(21.0947 7.07518e-11 0)
(21.0947 8.95533e-11 0)
(21.0947 1.71706e-10 0)
(21.0947 2.5385e-10 0)
(21.0947 3.02042e-10 0)
(21.0947 3.03973e-10 0)
(21.0947 2.64896e-10 0)
(21.0947 1.99331e-10 0)
(21.0947 1.22961e-10 0)
(21.0947 4.80777e-11 0)
(21.0947 -1.7727e-11 0)
(21.0947 -7.09828e-11 0)
(21.0947 -1.11146e-10 0)
(21.0947 -1.3936e-10 0)
(21.0947 -1.57453e-10 0)
(21.0947 -1.6729e-10 0)
(21.0947 -1.70448e-10 0)
(21.0947 -1.67796e-10 0)
(21.0947 -1.59533e-10 0)
(21.0947 -1.45269e-10 0)
(21.0947 -1.24566e-10 0)
(21.0947 -9.8138e-11 0)
(21.0947 -7.22965e-11 0)
(21.0947 -7.25632e-11 0)
(21.0947 -1.84633e-10 0)
(21.0947 -6.94378e-10 0)
(21.0947 -2.60306e-09 0)
(21.0947 -7.60617e-09 0)
(20.8792 -1.70435e-08 0)
(20.8792 -2.99464e-09 0)
(20.8792 7.90371e-09 0)
(20.8792 8.76922e-09 0)
(20.8792 6.84583e-09 0)
(20.8792 5.00549e-09 0)
(20.8792 3.52806e-09 0)
(20.8792 2.35316e-09 0)
(20.8792 1.4607e-09 0)
(20.8792 8.27059e-10 0)
(20.8792 4.10793e-10 0)
(20.8792 1.62696e-10 0)
(20.8792 5.74598e-11 0)
(20.8792 6.57474e-11 0)
(20.8792 1.29313e-10 0)
(20.8792 2.00189e-10 0)
(20.8792 2.49936e-10 0)
(20.8792 2.65557e-10 0)
(20.8792 2.47365e-10 0)
(20.8792 2.04098e-10 0)
(20.8792 1.47147e-10 0)
(20.8792 8.66307e-11 0)
(20.8792 2.96821e-11 0)
(20.8792 -1.96522e-11 0)
(20.8792 -5.97357e-11 0)
(20.8792 -9.05499e-11 0)
(20.8792 -1.12871e-10 0)
(20.8792 -1.27651e-10 0)
(20.8792 -1.35756e-10 0)
(20.8792 -1.37434e-10 0)
(20.8792 -1.32405e-10 0)
(20.8792 -1.2017e-10 0)
(20.8792 -1.00935e-10 0)
(20.8792 -7.72062e-11 0)
(20.8792 -6.00809e-11 0)
(20.8792 -9.01397e-11 0)
(20.8792 -2.94333e-10 0)
(20.8792 -1.13177e-09 0)
(20.8792 -3.51271e-09 0)
(20.8792 -1.3577e-08 0)
(20.6482 -2.3176e-08 0)
(20.6482 -1.88753e-08 0)
(20.6482 4.81139e-09 0)
(20.6482 1.28148e-08 0)
(20.6482 1.22117e-08 0)
(20.6482 9.27196e-09 0)
(20.6482 6.27633e-09 0)
(20.6482 3.92757e-09 0)
(20.6482 2.30414e-09 0)
(20.6482 1.26749e-09 0)
(20.6482 6.46124e-10 0)
(20.6482 2.98654e-10 0)
(20.6482 1.38511e-10 0)
(20.6482 1.0545e-10 0)
(20.6482 1.36355e-10 0)
(20.6482 1.83433e-10 0)
(20.6482 2.19192e-10 0)
(20.6482 2.30741e-10 0)
(20.6482 2.16409e-10 0)
(20.6482 1.81766e-10 0)
(20.6482 1.3517e-10 0)
(20.6482 8.45616e-11 0)
(20.6482 3.58791e-11 0)
(20.6482 -7.29712e-12 0)
(20.6482 -4.33252e-11 0)
(20.6482 -7.19449e-11 0)
(20.6482 -9.35821e-11 0)
(20.6482 -1.0871e-10 0)
(20.6482 -1.1776e-10 0)
(20.6482 -1.20493e-10 0)
(20.6482 -1.16087e-10 0)
(20.6482 -1.03572e-10 0)
(20.6482 -8.29953e-11 0)
(20.6482 -5.64698e-11 0)
(20.6482 -3.32995e-11 0)
(20.6482 -4.8444e-11 0)
(20.6482 -2.05814e-10 0)
(20.6482 -8.51865e-10 0)
(20.6482 -3.63615e-09 0)
(20.6482 -8.48148e-09 0)
(20.4031 -5.25367e-09 0)
(20.4031 -6.30297e-09 0)
(20.4031 -1.00876e-09 0)
(20.4031 2.17659e-09 0)
(20.4031 3.01482e-09 0)
(20.4031 2.69466e-09 0)
(20.4031 2.03489e-09 0)
(20.4031 1.40186e-09 0)
(20.4031 9.04107e-10 0)
(20.4031 5.48211e-10 0)
(20.4031 3.12504e-10 0)
(20.4031 1.70375e-10 0)
(20.4031 1.07121e-10 0)
(20.4031 1.0717e-10 0)
(20.4031 1.39991e-10 0)
(20.4031 1.77533e-10 0)
(20.4031 2.0281e-10 0)
(20.4031 2.07945e-10 0)
(20.4031 1.92418e-10 0)
(20.4031 1.60758e-10 0)
(20.4031 1.19554e-10 0)
(20.4031 7.51638e-11 0)
(20.4031 3.24255e-11 0)
(20.4031 -5.68414e-12 0)
(20.4031 -3.77704e-11 0)
(20.4031 -6.36204e-11 0)
(20.4031 -8.3604e-11 0)
(20.4031 -9.79258e-11 0)
(20.4031 -1.06757e-10 0)
(20.4031 -1.09545e-10 0)
(20.4031 -1.0498e-10 0)
(20.4031 -9.14153e-11 0)
(20.4031 -6.81166e-11 0)
(20.4031 -3.50596e-11 0)
(20.4031 4.92667e-12 0)
(20.4031 3.48335e-11 0)
(20.4031 2.5343e-11 0)
(20.4031 -1.48157e-10 0)
(20.4031 -7.18698e-10 0)
(20.4031 -1.20713e-09 0)
(20.1451 2.69989e-08 0)
(20.1451 1.72878e-08 0)
(20.1451 -1.08868e-08 0)
(20.1451 -1.60736e-08 0)
(20.1451 -1.26793e-08 0)
(20.1451 -8.40024e-09 0)
(20.1451 -5.0475e-09 0)
(20.1451 -2.81561e-09 0)
(20.1451 -1.4753e-09 0)
(20.1451 -7.32008e-10 0)
(20.1451 -3.43289e-10 0)
(20.1451 -1.45674e-10 0)
(20.1451 -3.50171e-11 0)
(20.1451 4.45256e-11 0)
(20.1451 1.07804e-10 0)
(20.1451 1.53429e-10 0)
(20.1451 1.78674e-10 0)
(20.1451 1.82826e-10 0)
(20.1451 1.68179e-10 0)
(20.1451 1.39613e-10 0)
(20.1451 1.02993e-10 0)
(20.1451 6.37701e-11 0)
(20.1451 2.60542e-11 0)
(20.1451 -7.64144e-12 0)
(20.1451 -3.61208e-11 0)
(20.1451 -5.92474e-11 0)
(20.1451 -7.74149e-11 0)
(20.1451 -9.0628e-11 0)
(20.1451 -9.8861e-11 0)
(20.1451 -1.01384e-10 0)
(20.1451 -9.65154e-11 0)
(20.1451 -8.1895e-11 0)
(20.1451 -5.57741e-11 0)
(20.1451 -1.52409e-11 0)
(20.1451 4.4998e-11 0)
(20.1451 1.27368e-10 0)
(20.1451 2.83177e-10 0)
(20.1451 6.90768e-10 0)
(20.1451 2.67643e-09 0)
(20.1451 9.56569e-09 0)
(19.8749 3.11859e-08 0)
(19.8749 2.00945e-08 0)
(19.8749 -1.09255e-08 0)
(19.8749 -1.78204e-08 0)
(19.8749 -1.49002e-08 0)
(19.8749 -1.04719e-08 0)
(19.8749 -6.74339e-09 0)
(19.8749 -4.09081e-09 0)
(19.8749 -2.37366e-09 0)
(19.8749 -1.33247e-09 0)
(19.8749 -7.27089e-10 0)
(19.8749 -3.81731e-10 0)
(19.8749 -1.77817e-10 0)
(19.8749 -4.51558e-11 0)
(19.8749 4.58634e-11 0)
(19.8749 1.05302e-10 0)
(19.8749 1.37832e-10 0)
(19.8749 1.47087e-10 0)
(19.8749 1.37456e-10 0)
(19.8749 1.14393e-10 0)
(19.8749 8.3567e-11 0)
(19.8749 5.0001e-11 0)
(19.8749 1.74423e-11 0)
(19.8749 -1.18425e-11 0)
(19.8749 -3.67358e-11 0)
(19.8749 -5.70984e-11 0)
(19.8749 -7.33517e-11 0)
(19.8749 -8.53023e-11 0)
(19.8749 -9.27215e-11 0)
(19.8749 -9.47948e-11 0)
(19.8749 -8.96099e-11 0)
(19.8749 -7.41743e-11 0)
(19.8749 -4.58845e-11 0)
(19.8749 7.70868e-13 0)
(19.8749 7.81533e-11 0)
(19.8749 1.996e-10 0)
(19.8749 4.52048e-10 0)
(19.8749 1.12016e-09 0)
(19.8749 3.82022e-09 0)
(19.8749 1.2389e-08 0)
(19.5927 6.31522e-09 0)
(19.5927 5.13894e-09 0)
(19.5927 7.67286e-10 0)
(19.5927 -3.06958e-09 0)
(19.5927 -4.24465e-09 0)
(19.5927 -4.05409e-09 0)
(19.5927 -3.34081e-09 0)
(19.5927 -2.49985e-09 0)
(19.5927 -1.74519e-09 0)
(19.5927 -1.16016e-09 0)
(19.5927 -7.42272e-10 0)
(19.5927 -4.56443e-10 0)
(19.5927 -2.60104e-10 0)
(19.5927 -1.1943e-10 0)
(19.5927 -1.81478e-11 0)
(19.5927 5.02704e-11 0)
(19.5927 9.03126e-11 0)
(19.5927 1.06366e-10 0)
(19.5927 1.03378e-10 0)
(19.5927 8.69322e-11 0)
(19.5927 6.25062e-11 0)
(19.5927 3.48511e-11 0)
(19.5927 7.50463e-12 0)
(19.5927 -1.73972e-11 0)
(19.5927 -3.8753e-11 0)
(19.5927 -5.63578e-11 0)
(19.5927 -7.06598e-11 0)
(19.5927 -8.1275e-11 0)
(19.5927 -8.77471e-11 0)
(19.5927 -8.92352e-11 0)
(19.5927 -8.3715e-11 0)
(19.5927 -6.76828e-11 0)
(19.5927 -3.80294e-11 0)
(19.5927 1.25142e-11 0)
(19.5927 1.01376e-10 0)
(19.5927 2.44125e-10 0)
(19.5927 5.16017e-10 0)
(19.5927 1.06734e-09 0)
(19.5927 2.49204e-09 0)
(19.5927 4.69841e-09 0)
(19.2983 -1.73661e-08 0)
(19.2983 -5.42703e-09 0)
(19.2983 1.2312e-08 0)
(19.2983 1.0218e-08 0)
(19.2983 5.33114e-09 0)
(19.2983 1.90772e-09 0)
(19.2983 4.35107e-11 0)
(19.2983 -7.26598e-10 0)
(19.2983 -8.92049e-10 0)
(19.2983 -7.94003e-10 0)
(19.2983 -6.15132e-10 0)
(19.2983 -4.36743e-10 0)
(19.2983 -2.83996e-10 0)
(19.2983 -1.5909e-10 0)
(19.2983 -6.19791e-11 0)
(19.2983 7.17695e-12 0)
(19.2983 5.01876e-11 0)
(19.2983 7.04932e-11 0)
(19.2983 7.25971e-11 0)
(19.2983 6.16879e-11 0)
(19.2983 4.28346e-11 0)
(19.2983 2.04312e-11 0)
(19.2983 -2.22435e-12 0)
(19.2983 -2.31425e-11 0)
(19.2983 -4.1254e-11 0)
(19.2983 -5.62851e-11 0)
(19.2983 -6.87189e-11 0)
(19.2983 -7.80298e-11 0)
(19.2983 -8.35222e-11 0)
(19.2983 -8.43545e-11 0)
(19.2983 -7.84814e-11 0)
(19.2983 -6.19863e-11 0)
(19.2983 -3.15753e-11 0)
(19.2983 2.08888e-11 0)
(19.2983 1.16124e-10 0)
(19.2983 2.69318e-10 0)
(19.2983 5.33767e-10 0)
(19.2983 8.80157e-10 0)
(19.2983 8.2864e-10 0)
(19.2983 -5.81456e-09 0)
(18.9911 -1.63703e-08 0)
(18.9911 -9.08106e-09 0)
(18.9911 9.52276e-09 0)
(18.9911 9.93213e-09 0)
(18.9911 6.03841e-09 0)
(18.9911 2.80968e-09 0)
(18.9911 8.4728e-10 0)
(18.9911 -1.13846e-10 0)
(18.9911 -4.71317e-10 0)
(18.9911 -5.28023e-10 0)
(18.9911 -4.592e-10 0)
(18.9911 -3.52817e-10 0)
(18.9911 -2.45259e-10 0)
(18.9911 -1.48649e-10 0)
(18.9911 -6.89745e-11 0)
(18.9911 -9.87121e-12 0)
(18.9911 2.82238e-11 0)
(18.9911 4.72372e-11 0)
(18.9911 5.05531e-11 0)
(18.9911 4.24311e-11 0)
(18.9911 2.71821e-11 0)
(18.9911 8.60771e-12 0)
(18.9911 -1.03809e-11 0)
(18.9911 -2.80494e-11 0)
(18.9911 -4.34371e-11 0)
(18.9911 -5.6239e-11 0)
(18.9911 -6.70042e-11 0)
(18.9911 -7.51293e-11 0)
(18.9911 -7.96888e-11 0)
(18.9911 -7.98662e-11 0)
(18.9911 -7.36545e-11 0)
(18.9911 -5.67879e-11 0)
(18.9911 -2.59774e-11 0)
(18.9911 2.71297e-11 0)
(18.9911 1.25232e-10 0)
(18.9911 2.84933e-10 0)
(18.9911 5.54677e-10 0)
(18.9911 8.68931e-10 0)
(18.9911 5.47246e-10 0)
(18.9911 -3.67851e-09 0)
(18.6701 6.04459e-09 0)
(18.6701 3.02389e-09 0)
(18.6701 -3.86143e-09 0)
(18.6701 -3.52086e-09 0)
(18.6701 -2.26668e-09 0)
(18.6701 -1.44343e-09 0)
(18.6701 -1.02013e-09 0)
(18.6701 -7.85112e-10 0)
(18.6701 -6.20266e-10 0)
(18.6701 -4.86256e-10 0)
(18.6701 -3.71115e-10 0)
(18.6701 -2.72289e-10 0)
(18.6701 -1.87511e-10 0)
(18.6701 -1.14483e-10 0)
(18.6701 -5.41967e-11 0)
(18.6701 -9.00018e-12 0)
(18.6701 2.02979e-11 0)
(18.6701 3.46938e-11 0)
(18.6701 3.65233e-11 0)
(18.6701 2.90583e-11 0)
(18.6701 1.57539e-11 0)
(18.6701 -2.67086e-13 0)
(18.6701 -1.65579e-11 0)
(18.6701 -3.16954e-11 0)
(18.6701 -4.48835e-11 0)
(18.6701 -5.58243e-11 0)
(18.6701 -6.51452e-11 0)
(18.6701 -7.22334e-11 0)
(18.6701 -7.59515e-11 0)
(18.6701 -7.55224e-11 0)
(18.6701 -6.90256e-11 0)
(18.6701 -5.18958e-11 0)
(18.6701 -2.09232e-11 0)
(18.6701 3.21196e-11 0)
(18.6701 1.3089e-10 0)
(18.6701 2.95387e-10 0)
(18.6701 5.85524e-10 0)
(18.6701 1.00829e-09 0)
(18.6701 1.67556e-09 0)
(18.6701 2.32231e-09 0)
(18.3337 1.67316e-08 0)
(18.3337 1.28885e-08 0)
(18.3337 -8.16107e-09 0)
(18.3337 -1.05168e-08 0)
(18.3337 -7.49891e-09 0)
(18.3337 -4.58302e-09 0)
(18.3337 -2.67013e-09 0)
(18.3337 -1.55835e-09 0)
(18.3337 -9.34414e-10 0)
(18.3337 -5.82779e-10 0)
(18.3337 -3.76427e-10 0)
(18.3337 -2.47237e-10 0)
(18.3337 -1.59144e-10 0)
(18.3337 -9.35243e-11 0)
(18.3337 -4.33401e-11 0)
(18.3337 -7.16696e-12 0)
(18.3337 1.5586e-11 0)
(18.3337 2.61191e-11 0)
(18.3337 2.64128e-11 0)
(18.3337 1.91569e-11 0)
(18.3337 7.19543e-12 0)
(18.3337 -6.88935e-12 0)
(18.3337 -2.10485e-11 0)
(18.3337 -3.41264e-11 0)
(18.3337 -4.5494e-11 0)
(18.3337 -5.48628e-11 0)
(18.3337 -6.29235e-11 0)
(18.3337 -6.9099e-11 0)
(18.3337 -7.20741e-11 0)
(18.3337 -7.11104e-11 0)
(18.3337 -6.44097e-11 0)
(18.3337 -4.71711e-11 0)
(18.3337 -1.62756e-11 0)
(18.3337 3.62718e-11 0)
(18.3337 1.34229e-10 0)
(18.3337 3.01162e-10 0)
(18.3337 6.08677e-10 0)
(18.3337 1.13284e-09 0)
(18.3337 2.44932e-09 0)
(18.3337 3.31446e-09 0)
(17.9798 2.79116e-09 0)
(17.9798 -3.08551e-10 0)
(17.9798 6.63791e-10 0)
(17.9798 -1.59754e-09 0)
(17.9798 -2.7077e-09 0)
(17.9798 -2.63781e-09 0)
(17.9798 -2.07332e-09 0)
(17.9798 -1.45627e-09 0)
(17.9798 -9.61959e-10 0)
(17.9798 -6.18122e-10 0)
(17.9798 -3.93763e-10 0)
(17.9798 -2.49818e-10 0)
(17.9798 -1.55239e-10 0)
(17.9798 -8.95621e-11 0)
(17.9798 -4.25682e-11 0)
(17.9798 -1.03115e-11 0)
(17.9798 9.23755e-12 0)
(17.9798 1.78804e-11 0)
(17.9798 1.76562e-11 0)
(17.9798 1.10056e-11 0)
(17.9798 4.14954e-13 0)
(17.9798 -1.19036e-11 0)
(17.9798 -2.41839e-11 0)
(17.9798 -3.54637e-11 0)
(17.9798 -4.5249e-11 0)
(17.9798 -5.32507e-11 0)
(17.9798 -6.01884e-11 0)
(17.9798 -6.55471e-11 0)
(17.9798 -6.78703e-11 0)
(17.9798 -6.64525e-11 0)
(17.9798 -5.96412e-11 0)
(17.9798 -4.24889e-11 0)
(17.9798 -1.19609e-11 0)
(17.9798 3.97099e-11 0)
(17.9798 1.35714e-10 0)
(17.9798 3.02308e-10 0)
(17.9798 6.16291e-10 0)
(17.9798 1.19797e-09 0)
(17.9798 2.23046e-09 0)
(17.9798 5.54609e-09 0)
(17.6052 -2.54674e-09 0)
(17.6052 -4.531e-09 0)
(17.6052 3.33401e-09 0)
(17.6052 1.60735e-09 0)
(17.6052 -6.31924e-10 0)
(17.6052 -1.55009e-09 0)
(17.6052 -1.56301e-09 0)
(17.6052 -1.22746e-09 0)
(17.6052 -8.56801e-10 0)
(17.6052 -5.64546e-10 0)
(17.6052 -3.62579e-10 0)
(17.6052 -2.30001e-10 0)
(17.6052 -1.42935e-10 0)
(17.6052 -8.34609e-11 0)
(17.6052 -4.17306e-11 0)
(17.6052 -1.35484e-11 0)
(17.6052 3.29199e-12 0)
(17.6052 1.06081e-11 0)
(17.6052 1.02643e-11 0)
(17.6052 4.40416e-12 0)
(17.6052 -4.80469e-12 0)
(17.6052 -1.54629e-11 0)
(17.6052 -2.60335e-11 0)
(17.6052 -3.57047e-11 0)
(17.6052 -4.40896e-11 0)
(17.6052 -5.08932e-11 0)
(17.6052 -5.68222e-11 0)
(17.6052 -6.14447e-11 0)
(17.6052 -6.3201e-11 0)
(17.6052 -6.14136e-11 0)
(17.6052 -5.45905e-11 0)
(17.6052 -3.77402e-11 0)
(17.6052 -7.91426e-12 0)
(17.6052 4.24556e-11 0)
(17.6052 1.35539e-10 0)
(17.6052 2.99268e-10 0)
(17.6052 6.13115e-10 0)
(17.6052 1.21739e-09 0)
(17.6052 2.19311e-09 0)
(17.6052 5.17196e-09 0)
(17.2058 1.02258e-08 0)
(17.2058 3.4822e-09 0)
(17.2058 -5.89427e-09 0)
(17.2058 -6.11784e-09 0)
(17.2058 -4.44513e-09 0)
(17.2058 -2.95501e-09 0)
(17.2058 -1.87989e-09 0)
(17.2058 -1.16243e-09 0)
(17.2058 -7.07781e-10 0)
(17.2058 -4.31577e-10 0)
(17.2058 -2.67324e-10 0)
(17.2058 -1.68545e-10 0)
(17.2058 -1.0629e-10 0)
(17.2058 -6.38865e-11 0)
(17.2058 -3.34625e-11 0)
(17.2058 -1.23882e-11 0)
(17.2058 3.38783e-13 0)
(17.2058 5.71176e-12 0)
(17.2058 4.95753e-12 0)
(17.2058 -2.99224e-13 0)
(17.2058 -8.30589e-12 0)
(17.2058 -1.74874e-11 0)
(17.2058 -2.65421e-11 0)
(17.2058 -3.47915e-11 0)
(17.2058 -4.19472e-11 0)
(17.2058 -4.77095e-11 0)
(17.2058 -5.27429e-11 0)
(17.2058 -5.67086e-11 0)
(17.2058 -5.79885e-11 0)
(17.2058 -5.59198e-11 0)
(17.2058 -4.91857e-11 0)
(17.2058 -3.28566e-11 0)
(17.2058 -4.07633e-12 0)
(17.2058 4.45312e-11 0)
(17.2058 1.33816e-10 0)
(17.2058 2.92509e-10 0)
(17.2058 6.01874e-10 0)
(17.2058 1.22009e-09 0)
(17.2058 2.51522e-09 0)
(17.2058 6.02625e-09 0)
(16.7761 1.80309e-08 0)
(16.7761 5.02925e-09 0)
(16.7761 -1.15127e-08 0)
(16.7761 -1.0553e-08 0)
(16.7761 -6.77412e-09 0)
(16.7761 -3.88798e-09 0)
(16.7761 -2.10915e-09 0)
(16.7761 -1.11182e-09 0)
(16.7761 -5.82794e-10 0)
(16.7761 -3.12811e-10 0)
(16.7761 -1.77589e-10 0)
(16.7761 -1.07919e-10 0)
(16.7761 -6.85592e-11 0)
(16.7761 -4.26042e-11 0)
(16.7761 -2.32768e-11 0)
(16.7761 -9.22676e-12 0)
(16.7761 -5.70944e-13 0)
(16.7761 2.85718e-12 0)
(16.7761 1.6375e-12 0)
(16.7761 -3.12627e-12 0)
(16.7761 -1.00833e-11 0)
(16.7761 -1.79688e-11 0)
(16.7761 -2.56991e-11 0)
(16.7761 -3.27129e-11 0)
(16.7761 -3.88054e-11 0)
(16.7761 -4.36815e-11 0)
(16.7761 -4.79437e-11 0)
(16.7761 -5.13394e-11 0)
(16.7761 -5.22368e-11 0)
(16.7761 -4.99779e-11 0)
(16.7761 -4.34304e-11 0)
(16.7761 -2.78315e-11 0)
(16.7761 -4.15651e-13 0)
(16.7761 4.59659e-11 0)
(16.7761 1.30647e-10 0)
(16.7761 2.82353e-10 0)
(16.7761 5.8151e-10 0)
(16.7761 1.19791e-09 0)
(16.7761 2.64907e-09 0)
(16.7761 9.62133e-09 0)
(16.3081 1.13121e-08 0)
(16.3081 1.34433e-09 0)
(16.3081 -6.68327e-09 0)
(16.3081 -6.82281e-09 0)
(16.3081 -4.98713e-09 0)
(16.3081 -3.18244e-09 0)
(16.3081 -1.854e-09 0)
(16.3081 -1.01353e-09 0)
(16.3081 -5.32923e-10 0)
(16.3081 -2.78381e-10 0)
(16.3081 -1.51025e-10 0)
(16.3081 -8.78356e-11 0)
(16.3081 -5.45695e-11 0)
(16.3081 -3.41317e-11 0)
(16.3081 -1.92723e-11 0)
(16.3081 -8.43731e-12 0)
(16.3081 -1.74888e-12 0)
(16.3081 8.29367e-13 0)
(16.3081 -3.42535e-13 0)
(16.3081 -4.44609e-12 0)
(16.3081 -1.03653e-11 0)
(16.3081 -1.70609e-11 0)
(16.3081 -2.36184e-11 0)
(16.3081 -2.95654e-11 0)
(16.3081 -3.47484e-11 0)
(16.3081 -3.88922e-11 0)
(16.3081 -4.25049e-11 0)
(16.3081 -4.54212e-11 0)
(16.3081 -4.60309e-11 0)
(16.3081 -4.36724e-11 0)
(16.3081 -3.74064e-11 0)
(16.3081 -2.27285e-11 0)
(16.3081 3.04775e-12 0)
(16.3081 4.67656e-11 0)
(16.3081 1.26131e-10 0)
(16.3081 2.69143e-10 0)
(16.3081 5.51905e-10 0)
(16.3081 1.13068e-09 0)
(16.3081 2.41611e-09 0)
(16.3081 8.77499e-09 0)
(15.7903 2.30089e-09 0)
(15.7903 1.27507e-09 0)
(15.7903 5.76237e-11 0)
(15.7903 -2.08045e-09 0)
(15.7903 -2.59255e-09 0)
(15.7903 -2.19015e-09 0)
(15.7903 -1.53015e-09 0)
(15.7903 -9.54726e-10 0)
(15.7903 -5.55898e-10 0)
(15.7903 -3.13185e-10 0)
(15.7903 -1.77539e-10 0)
(15.7903 -1.04001e-10 0)
(15.7903 -6.33686e-11 0)
(15.7903 -3.88909e-11 0)
(15.7903 -2.22803e-11 0)
(15.7903 -1.08297e-11 0)
(15.7903 -3.86297e-12 0)
(15.7903 -8.9369e-13 0)
(15.7903 -1.39897e-12 0)
(15.7903 -4.5848e-12 0)
(15.7903 -9.42668e-12 0)
(15.7903 -1.50082e-11 0)
(15.7903 -2.05208e-11 0)
(15.7903 -2.55416e-11 0)
(15.7903 -2.99589e-11 0)
(15.7903 -3.35097e-11 0)
(15.7903 -3.65913e-11 0)
(15.7903 -3.91195e-11 0)
(15.7903 -3.95324e-11 0)
(15.7903 -3.71586e-11 0)
(15.7903 -3.1263e-11 0)
(15.7903 -1.76747e-11 0)
(15.7903 6.23948e-12 0)
(15.7903 4.69001e-11 0)
(15.7903 1.20334e-10 0)
(15.7903 2.53289e-10 0)
(15.7903 5.15301e-10 0)
(15.7903 1.03061e-09 0)
(15.7903 2.04775e-09 0)
(15.7903 3.20115e-09 0)
(15.2055 -1.27993e-09 0)
(15.2055 2.34275e-09 0)
(15.2055 2.55064e-09 0)
(15.2055 -2.11125e-10 0)
(15.2055 -1.45905e-09 0)
(15.2055 -1.59679e-09 0)
(15.2055 -1.26666e-09 0)
(15.2055 -8.64123e-10 0)
(15.2055 -5.42121e-10 0)
(15.2055 -3.2596e-10 0)
(15.2055 -1.94819e-10 0)
(15.2055 -1.18083e-10 0)
(15.2055 -7.2965e-11 0)
(15.2055 -4.49688e-11 0)
(15.2055 -2.61613e-11 0)
(15.2055 -1.34218e-11 0)
(15.2055 -5.60908e-12 0)
(15.2055 -1.86626e-12 0)
(15.2055 -1.50697e-12 0)
(15.2055 -3.72089e-12 0)
(15.2055 -7.53347e-12 0)
(15.2055 -1.20995e-11 0)
(15.2055 -1.66936e-11 0)
(15.2055 -2.09251e-11 0)
(15.2055 -2.47081e-11 0)
(15.2055 -2.77836e-11 0)
(15.2055 -3.04443e-11 0)
(15.2055 -3.26652e-11 0)
(15.2055 -3.29565e-11 0)
(15.2055 -3.0636e-11 0)
(15.2055 -2.51913e-11 0)
(15.2055 -1.28417e-11 0)
(15.2055 9.03098e-12 0)
(15.2055 4.62899e-11 0)
(15.2055 1.13258e-10 0)
(15.2055 2.35107e-10 0)
(15.2055 4.74195e-10 0)
(15.2055 9.30314e-10 0)
(15.2055 1.77904e-09 0)
(15.2055 -2.92535e-10 0)
(14.5264 1.49316e-09 0)
(14.5264 2.98688e-10 0)
(14.5264 -1.55424e-10 0)
(14.5264 -1.33739e-09 0)
(14.5264 -1.70294e-09 0)
(14.5264 -1.49363e-09 0)
(14.5264 -1.0871e-09 0)
(14.5264 -7.13665e-10 0)
(14.5264 -4.43093e-10 0)
(14.5264 -2.69207e-10 0)
(14.5264 -1.65396e-10 0)
(14.5264 -1.03908e-10 0)
(14.5264 -6.65619e-11 0)
(14.5264 -4.23452e-11 0)
(14.5264 -2.52947e-11 0)
(14.5264 -1.32933e-11 0)
(14.5264 -5.63438e-12 0)
(14.5264 -1.62658e-12 0)
(14.5264 -6.81097e-13 0)
(14.5264 -2.11241e-12 0)
(14.5264 -5.04328e-12 0)
(14.5264 -8.72694e-12 0)
(14.5264 -1.25225e-11 0)
(14.5264 -1.608e-11 0)
(14.5264 -1.93283e-11 0)
(14.5264 -2.20245e-11 0)
(14.5264 -2.4344e-11 0)
(14.5264 -2.63158e-11 0)
(14.5264 -2.6538e-11 0)
(14.5264 -2.43216e-11 0)
(14.5264 -1.93976e-11 0)
(14.5264 -8.40608e-12 0)
(14.5264 1.12735e-11 0)
(14.5264 4.48034e-11 0)
(14.5264 1.04802e-10 0)
(14.5264 2.14635e-10 0)
(14.5264 4.29525e-10 0)
(14.5264 8.43486e-10 0)
(14.5264 1.66294e-09 0)
(14.5264 2.63189e-09 0)
(13.7061 7.30252e-09 0)
(13.7061 2.26843e-09 0)
(13.7061 -4.44599e-09 0)
(13.7061 -4.64073e-09 0)
(13.7061 -3.28212e-09 0)
(13.7061 -2.00539e-09 0)
(13.7061 -1.12546e-09 0)
(13.7061 -6.04889e-10 0)
(13.7061 -3.2318e-10 0)
(13.7061 -1.78377e-10 0)
(13.7061 -1.06232e-10 0)
(13.7061 -6.83821e-11 0)
(13.7061 -4.63993e-11 0)
(13.7061 -3.14413e-11 0)
(13.7061 -1.96598e-11 0)
(13.7061 -1.05061e-11 0)
(13.7061 -4.2118e-12 0)
(13.7061 -6.17592e-13 0)
(13.7061 5.22616e-13 0)
(13.7061 -3.47002e-13 0)
(13.7061 -2.54285e-12 0)
(13.7061 -5.45617e-12 0)
(13.7061 -8.53122e-12 0)
(13.7061 -1.14686e-11 0)
(13.7061 -1.42343e-11 0)
(13.7061 -1.65981e-11 0)
(13.7061 -1.86172e-11 0)
(13.7061 -2.03679e-11 0)
(13.7061 -2.05416e-11 0)
(13.7061 -1.84573e-11 0)
(13.7061 -1.41062e-11 0)
(13.7061 -4.57285e-12 0)
(13.7061 1.27739e-11 0)
(13.7061 4.22335e-11 0)
(13.7061 9.46935e-11 0)
(13.7061 1.91493e-10 0)
(13.7061 3.80405e-10 0)
(13.7061 7.54426e-10 0)
(13.7061 1.59123e-09 0)
(13.7061 4.31306e-09 0)
(12.6559 9.24616e-09 0)
(12.6559 2.00247e-09 0)
(12.6559 -5.59479e-09 0)
(12.6559 -5.66875e-09 0)
(12.6559 -3.92e-09 0)
(12.6559 -2.2911e-09 0)
(12.6559 -1.19455e-09 0)
(12.6559 -5.75483e-10 0)
(12.6559 -2.65397e-10 0)
(12.6559 -1.23624e-10 0)
(12.6559 -6.4303e-11 0)
(12.6559 -3.96236e-11 0)
(12.6559 -2.81254e-11 0)
(12.6559 -2.0568e-11 0)
(12.6559 -1.36331e-11 0)
(12.6559 -7.44551e-12 0)
(12.6559 -2.76891e-12 0)
(12.6559 2.00031e-13 0)
(12.6559 1.39078e-12 0)
(12.6559 9.82232e-13 0)
(12.6559 -5.39863e-13 0)
(12.6559 -2.71933e-12 0)
(12.6559 -5.10651e-12 0)
(12.6559 -7.43209e-12 0)
(12.6559 -9.70919e-12 0)
(12.6559 -1.17405e-11 0)
(12.6559 -1.34686e-11 0)
(12.6559 -1.50094e-11 0)
(12.6559 -1.51325e-11 0)
(12.6559 -1.31669e-11 0)
(12.6559 -9.42066e-12 0)
(12.6559 -1.46815e-12 0)
(12.6559 1.33736e-11 0)
(12.6559 3.83592e-11 0)
(12.6559 8.25565e-11 0)
(12.6559 1.64997e-10 0)
(12.6559 3.25148e-10 0)
(12.6559 6.52054e-10 0)
(12.6559 1.42483e-09 0)
(12.6559 5.87952e-09 0)
(11.171 5.54944e-09 0)
(11.171 -7.18913e-10 0)
(11.171 -3.09979e-09 0)
(11.171 -3.20774e-09 0)
(11.171 -2.55104e-09 0)
(11.171 -1.69754e-09 0)
(11.171 -9.79405e-10 0)
(11.171 -5.07265e-10 0)
(11.171 -2.43232e-10 0)
(11.171 -1.1226e-10 0)
(11.171 -5.45581e-11 0)
(11.171 -3.06164e-11 0)
(11.171 -2.07545e-11 0)
(11.171 -1.54322e-11 0)
(11.171 -1.0689e-11 0)
(11.171 -6.25909e-12 0)
(11.171 -2.69365e-12 0)
(11.171 -1.50862e-13 0)
(11.171 1.1874e-12 0)
(11.171 1.30449e-12 0)
(11.171 5.28041e-13 0)
(11.171 -8.4922e-13 0)
(11.171 -2.46873e-12 0)
(11.171 -4.11819e-12 0)
(11.171 -5.82558e-12 0)
(11.171 -7.4499e-12 0)
(11.171 -8.85494e-12 0)
(11.171 -1.01566e-11 0)
(11.171 -1.02064e-11 0)
(11.171 -8.33342e-12 0)
(11.171 -5.23865e-12 0)
(11.171 9.88631e-13 0)
(11.171 1.30769e-11 0)
(11.171 3.29787e-11 0)
(11.171 6.77744e-11 0)
(11.171 1.33664e-10 0)
(11.171 2.60162e-10 0)
(11.171 5.21823e-10 0)
(11.171 1.07199e-09 0)
(11.171 5.61274e-09 0)
(8.70738 1.47959e-09 0)
(8.70738 -3.43122e-10 0)
(8.70738 -3.5659e-10 0)
(8.70738 -8.76001e-10 0)
(8.70738 -1.0556e-09 0)
(8.70738 -9.0303e-10 0)
(8.70738 -6.25965e-10 0)
(8.70738 -3.79561e-10 0)
(8.70738 -2.11545e-10 0)
(8.70738 -1.12561e-10 0)
(8.70738 -6.06548e-11 0)
(8.70738 -3.48288e-11 0)
(8.70738 -2.23132e-11 0)
(8.70738 -1.55497e-11 0)
(8.70738 -1.06549e-11 0)
(8.70738 -6.76589e-12 0)
(8.70738 -3.81665e-12 0)
(8.70738 -1.50754e-12 0)
(8.70738 6.4933e-14 0)
(8.70738 7.89254e-13 0)
(8.70738 8.19171e-13 0)
(8.70738 2.99783e-13 0)
(8.70738 -4.99619e-13 0)
(8.70738 -1.41533e-12 0)
(8.70738 -2.49971e-12 0)
(8.70738 -3.64601e-12 0)
(8.70738 -4.67636e-12 0)
(8.70738 -5.75629e-12 0)
(8.70738 -5.76175e-12 0)
(8.70738 -3.97914e-12 0)
(8.70738 -1.58369e-12 0)
(8.70738 2.6878e-12 0)
(8.70738 1.17233e-11 0)
(8.70738 2.56491e-11 0)
(8.70738 4.94768e-11 0)
(8.70738 9.58139e-11 0)
(8.70738 1.82551e-10 0)
(8.70738 3.61907e-10 0)
(8.70738 6.24257e-10 0)
(8.70738 2.19427e-09 0)
(3.96993 2.18859e-10 0)
(3.96993 3.34237e-10 0)
(3.96993 9.10276e-11 0)
(3.96993 -2.42313e-10 0)
(3.96993 -3.21563e-10 0)
(3.96993 -2.69613e-10 0)
(3.96993 -1.81043e-10 0)
(3.96993 -1.0883e-10 0)
(3.96993 -6.23516e-11 0)
(3.96993 -3.52298e-11 0)
(3.96993 -2.12936e-11 0)
(3.96993 -1.41674e-11 0)
(3.96993 -1.05776e-11 0)
(3.96993 -8.41915e-12 0)
(3.96993 -6.50808e-12 0)
(3.96993 -4.84852e-12 0)
(3.96993 -3.59416e-12 0)
(3.96993 -2.42181e-12 0)
(3.96993 -1.3833e-12 0)
(3.96993 -6.397e-13 0)
(3.96993 -1.75662e-13 0)
(3.96993 6.53759e-14 0)
(3.96993 1.12079e-13 0)
(3.96993 5.30831e-14 0)
(3.96993 -1.78982e-13 0)
(3.96993 -5.04792e-13 0)
(3.96993 -8.0162e-13 0)
(3.96993 -1.32173e-12 0)
(3.96993 -1.19447e-12 0)
(3.96993 -5.11558e-14 0)
(3.96993 1.06783e-12 0)
(3.96993 2.84099e-12 0)
(3.96993 6.95228e-12 0)
(3.96993 1.24844e-11 0)
(3.96993 2.13417e-11 0)
(3.96993 3.96489e-11 0)
(3.96993 7.0585e-11 0)
(3.96993 1.36225e-10 0)
(3.96993 1.98151e-10 0)
(3.96993 1.65781e-10 0)
)
;

boundaryField
{
    bottomWall
    {
        type            fixedValue;
        value           uniform (0 0 0);
    }
    topWall
    {
        type            fixedValue;
        value           uniform (0 0 0);
    }
    sides1_half0
    {
        type            empty;
    }
    sides1_half1
    {
        type            empty;
    }
    sides2_half0
    {
        type            empty;
    }
    sides2_half1
    {
        type            empty;
    }
    inout1_half0
    {
        type            cyclic;
    }
    inout1_half1
    {
        type            cyclic;
    }
    inout2_half0
    {
        type            cyclic;
    }
    inout2_half1
    {
        type            cyclic;
    }
}


// ************************************************************************* //
