/*--------------------------------*- C++ -*----------------------------------*\
| =========                 |                                                 |
| \\      /  F ield         | OpenFOAM: The Open Source CFD Toolbox           |
|  \\    /   O peration     | Version:  2306                                  |
|   \\  /    A nd           | Website:  www.openfoam.com                      |
|    \\/     M anipulation  |                                                 |
\*---------------------------------------------------------------------------*/
FoamFile
{
    version     2.0;
    format      ascii;
    arch        "LSB;label=32;scalar=64";
    class       volVectorField;
    location    "5000";
    object      U;
}
// * * * * * * * * * * * * * * * * * * * * * * * * * * * * * * * * * * * * * //

dimensions      [0 1 -1 0 0 0 0];

internalField   uniform (1 0 0);

boundaryField
{
    bottomWall
    {
        type            fixedValue;
        value           uniform (0 0 0);
    }
    topWall
    {
        type            fixedValue;
        value           uniform (0 0 0);
    }
    inlet
    {
        type            fixedValue;
        value           nonuniform List<vector> 
150
(
(0.190524190143 -0.000117842622791 0)
(0.448482604326 -0.000261541016298 0)
(0.559958466986 -0.000338045891929 0)
(0.616385301094 -0.000339741657219 0)
(0.651535444325 -0.000291179677723 0)
(0.676265406539 -0.000244076715671 0)
(0.695774313016 -0.000160857546509 0)
(0.712099939336 -8.41367893229e-05 0)
(0.726468836248 -1.18613156615e-07 0)
(0.739697960004 8.23537906062e-05 0)
(0.752134311927 0.000178491077624 0)
(0.764042905805 0.000272328592139 0)
(0.775465234521 0.000359669376885 0)
(0.786521948038 0.000440295951245 0)
(0.797303859238 0.000516448089742 0)
(0.807843334771 0.000583959916795 0)
(0.818277974173 0.000643920993725 0)
(0.828754811999 0.000700457291424 0)
(0.839281671662 0.0007602206856 0)
(0.849765603799 0.000819807990866 0)
(0.860181104687 0.000880859849456 0)
(0.870594255472 0.000947306495339 0)
(0.880969481639 0.0010090172025 0)
(0.891266102009 0.00107037927071 0)
(0.901471313832 0.0011326979094 0)
(0.911627650219 0.00120351787604 0)
(0.921726832429 0.00127958646708 0)
(0.931704103576 0.00135982881677 0)
(0.941512478841 0.00144831078849 0)
(0.951005366376 0.00153716189559 0)
(0.960103582952 0.00163785501075 0)
(0.968710588523 0.00173127905665 0)
(0.976630698053 0.0018202781018 0)
(0.983743136617 0.0019051931807 0)
(0.989967778839 0.00198937541993 0)
(0.994870834876 0.00204206963898 0)
(0.998625447649 0.00208509030014 0)
(1.00142542404 0.0021088373409 0)
(1.00320483169 0.0021193084086 0)
(1.0043766995 0.00210265071929 0)
(1.00506293996 0.00209737855603 0)
(1.00535785936 0.00206574479618 0)
(1.00542034173 0.00204066129018 0)
(1.00531358068 0.00200691670214 0)
(1.00510544634 0.00196140411858 0)
(1.00488692555 0.00193196523514 0)
(1.00469668232 0.00188680216445 0)
(1.00447720059 0.0018424194688 0)
(1.00420407971 0.00181529511444 0)
(1.00396032062 0.00176890217761 0)
(1.00377791932 0.00172787190465 0)
(1.00363041852 0.00169467276832 0)
(1.00342369765 0.00163961357111 0)
(1.00316081945 0.0016162786107 0)
(1.00296694643 0.00155908784731 0)
(1.00283971426 0.0015218710642 0)
(1.00274311459 0.00148144866597 0)
(1.00256106413 0.00142041121764 0)
(1.00231061423 0.00140304303092 0)
(1.00217046161 0.00132365627012 0)
(1.00205250537 0.00129725733353 0)
(1.00203788064 0.00123761210726 0)
(1.00189004675 0.00118345511843 0)
(1.00167254946 0.00114706982127 0)
(1.00155794988 0.00106017470158 0)
(1.00139016053 0.00105667006654 0)
(1.00149939568 0.000942752958889 0)
(1.00139706609 0.000930384725939 0)
(1.00122111273 0.000841217605193 0)
(1.00108536754 0.00079243269694 0)
(1.00097671649 0.000734727788997 0)
(1.00101662989 0.000644561944512 0)
(1.00106669407 0.000627376534791 0)
(1.0009089754 0.00048655969079 0)
(1.00075975861 0.00051822500864 0)
(1.00069753259 0.000340159280349 0)
(1.00061056194 0.000338853150221 0)
(1.00057352052 0.000217513327326 0)
(1.00052736006 0.000185029207048 0)
(1.00051211112 6.92022291982e-05 0)
(1.00046944382 8.16393094565e-05 0)
(1.0004958592 -0.000112274399645 0)
(1.00038275038 -2.77274323415e-05 0)
(1.00026788737 -0.000171626828138 0)
(1.00024280706 -0.000246168897031 0)
(1.00032323181 -0.000161227656146 0)
(1.00031724141 -0.000350820696259 0)
(1.00030123611 -0.000408008986947 0)
(1.00027511399 -0.000326565416319 0)
(1.00029526943 -0.000475499385212 0)
(1.00034086611 -0.000585117671905 0)
(1.00044328991 -0.00050382943218 0)
(1.00044750588 -0.000574843042976 0)
(1.00038577047 -0.00073633730368 0)
(1.00053541327 -0.00068661400629 0)
(1.00067384255 -0.000640393649649 0)
(1.00063323456 -0.000790791162616 0)
(1.00067782372 -0.000857621881001 0)
(1.00086768316 -0.000787466223255 0)
(1.00094077988 -0.000830347045715 0)
(1.00091635144 -0.000967166081822 0)
(1.00105599652 -0.000965318300471 0)
(1.00127769183 -0.000906743930193 0)
(1.00132884945 -0.000986093716638 0)
(1.00131768653 -0.00110544603108 0)
(1.00148239476 -0.00110339084591 0)
(1.00170642549 -0.00105059154966 0)
(1.00179862529 -0.00109533823988 0)
(1.00182754601 -0.00119966149306 0)
(1.00189190842 -0.001236856209 0)
(1.00198417983 -0.0012090527466 0)
(1.0019656703 -0.00119248718031 0)
(1.00171648406 -0.00127586991831 0)
(1.00145369221 -0.00134681641541 0)
(1.00058574181 -0.00128259856015 0)
(0.999735134481 -0.00126669075217 0)
(0.998008564516 -0.00127711956528 0)
(0.995814880302 -0.00130213140298 0)
(0.993437994655 -0.00132584134344 0)
(0.989126929058 -0.00123324907028 0)
(0.984922541811 -0.00120299026108 0)
(0.979566330836 -0.00115682783733 0)
(0.973019668702 -0.00109429376047 0)
(0.96669706207 -0.00106043793151 0)
(0.959324824336 -0.00094307416809 0)
(0.951593788409 -0.000921542903084 0)
(0.944097895108 -0.000906859904433 0)
(0.935410766704 -0.000809877920173 0)
(0.926522078798 -0.000688744154117 0)
(0.91793759972 -0.000623765154182 0)
(0.908256706162 -0.000525170930337 0)
(0.897924196936 -0.000528228622238 0)
(0.887890593526 -0.000581237895772 0)
(0.877914310973 -0.000571029262913 0)
(0.867427202487 -0.000359013111361 0)
(0.857259563186 -0.000153455615928 0)
(0.847473980632 -8.23379585009e-05 0)
(0.83534857563 5.07344301385e-06 0)
(0.821694667512 -2.31044203868e-07 0)
(0.808470304585 -0.000122510680299 0)
(0.795653713759 -0.000241019834257 0)
(0.788349258503 -0.000406190083852 0)
(0.784620427346 -0.000409152912885 0)
(0.780934065257 -0.000227653910881 0)
(0.777358690413 -5.16193949598e-05 0)
(0.761811603938 8.27083869771e-05 0)
(0.696636949981 6.21609475484e-05 0)
(0.633461754434 4.22438720432e-05 0)
(0.572247566175 2.29450380784e-05 0)
(0.512881610292 1.1511248371e-05 0)
)
;
    }
    outlet
    {
        type            zeroGradient;
    }
    frontAndBack
    {
        type            empty;
    }
}


// ************************************************************************* //
