
/*--------------------------------*- C++ -*----------------------------------* \
| =========                 |                                                 |
| \\      /  F ield         | OpenFOAM: The Open Source CFD Toolbox           |
|  \\    /   O peration     | Version:  1.7.0                                 |
|   \\  /    A nd           | Web:      www.OpenFOAM.com                      |
|    \\/     M anipulation  |                                                 |
\*---------------------------------------------------------------------------*/

FoamFile
{
    version     2.0;
    format      ascii;
    class       dictionary;
    location    "constant";
    object      RASProperties;
}

RASModel        GCEARSM_br_btheta_features;

turbulence      on;

printCoeffs     on;

GCEARSM_br_btheta_featuresCoeffs
{
    Theta   (
	        0.
                0.0
                0.0
                0.0
                0.0
                0.0
                0.0
                0.0
                0.0
                0.0
                0.
                0.0
                0.0
                0.0
                0.0
                0.0
                0.0
                0.0
                0.0
                0.0
                0.0
                0.0
                0.0
                0.0
                0.0
	        0.
                0.0
                0.0
                0.0
                0.0
                0.0
                0.0
                0.0
                0.0
                0.0
                0.0
                0.0
                0.0
                0.0
                0.0
                0.0
                0.0
                0.0
                0.0
                0.0
                0.0
                0.0
                0.0
                0.0
                0.0
	        0.
                0.0
                0.0
                0.0
                0.0
                0.0
                0.0
                0.0
                0.0
                0.0
                0.0
                0.0
                0.0
                0.0
                0.0
                0.0
                0.0
                0.0
                0.0
                0.0
                0.0
                0.0
                0.0
                0.0
                0.0
);
    Theta_r   (
	        0.
                0.0
                0.0
                0.0
                0.0
                0.0
                0.0
                0.0
                0.0
                0.0
                0.0
                0.0
                0.0
                0.0
                0.0
                0.0
                0.0
                0.0
                0.0
                0.0
                0.0
                0.0
                0.0
                0.0
                0.0
                0.0
                0.0
                0.0
                0.0
                0.0
                0.0
                0.0
                0.0
                0.0
                0.0
                0.0
                0.0
                0.0
                0.0
                0.0
                0.0
                0.0
                0.0
                0.0
                0.0
                0.0
                0.0
                0.0
                0.0
                0.0
                0.0
                0.0
                0.0
                0.0
                0.0
                0.0
                0.0
                0.0
                0.0
                0.0
                0.0
                0.0
                0.0
                0.0
                0.0
                0.0
                0.0
                0.0
                0.0
                0.0
                0.0
                0.0
                0.0
                0.0
                0.0
 );
}
 
