/*--------------------------------*- C++ -*----------------------------------*\
| =========                 |                                                 |
| \\      /  F ield         | OpenFOAM: The Open Source CFD Toolbox           |
|  \\    /   O peration     | Version:  2306                                  |
|   \\  /    A nd           | Website:  www.openfoam.com                      |
|    \\/     M anipulation  |                                                 |
\*---------------------------------------------------------------------------*/
FoamFile
{
    version     2.0;
    format      ascii;
    arch        "LSB;label=32;scalar=64";
    class       volVectorField;
    location    "5000";
    object      U;
}
// * * * * * * * * * * * * * * * * * * * * * * * * * * * * * * * * * * * * * //

dimensions      [0 1 -1 0 0 0 0];

internalField   uniform (1 0 0);

boundaryField
{
    bottomWall
    {
        type            fixedValue;
        value           uniform (0 0 0);
    }
    topWall
    {
        type            fixedValue;
        value           uniform (0 0 0);
    }
    outlet
    {
        type            zeroGradient;
    }
    frontAndBack
    {
        type            empty;
    }
    inlet
    {
        type            fixedValue;
        value           nonuniform List<vector> 
100
(
(0.0888460774336559 1.34333851993156e-16 0)
(0.263416909228283 -7.47567679686483e-16 0)
(0.400877592112822 -1.32320130346558e-15 0)
(0.488035300106042 -5.48956581490949e-15 0)
(0.54612797752665 -4.58642534768548e-15 0)
(0.588891659847205 -3.98976870971693e-15 0)
(0.622615280556598 -3.1520339409475e-15 0)
(0.650495257185463 -2.60334589024655e-15 0)
(0.674332777407742 -3.32129753684451e-15 0)
(0.695227949016361 -3.53780761756697e-15 0)
(0.713895976552473 -3.1390620702349e-15 0)
(0.730825266037481 -3.50309125942306e-15 0)
(0.746362751335196 -3.52944599451694e-15 0)
(0.760762904962478 -4.03560855372576e-15 0)
(0.774217376476933 -3.79055614744297e-15 0)
(0.786873703188679 -3.3106189285902e-15 0)
(0.798847558652836 -2.76905963590481e-15 0)
(0.810231022012935 -2.43880236922167e-15 0)
(0.821098309810447 -2.06439719902237e-15 0)
(0.831509839024886 -1.99255483755462e-15 0)
(0.841515162121524 -1.96298316954595e-15 0)
(0.851155120330531 -1.63162854590452e-15 0)
(0.86046344226944 -1.40082709119874e-15 0)
(0.869467939964007 -1.48532204547662e-15 0)
(0.878191405728041 -2.04277914108339e-15 0)
(0.886652281045091 -2.1815098919712e-15 0)
(0.894865146473409 -2.14327145430024e-15 0)
(0.902841065921637 -1.93862633200705e-15 0)
(0.910587807016783 -1.59871600248059e-15 0)
(0.9181099500898 -1.45046491371653e-15 0)
(0.92540889035674 -1.01283206999044e-15 0)
(0.932482730207332 -1.31924239351958e-15 0)
(0.939326050214289 -1.00550208125121e-15 0)
(0.945929537565438 1.53156934974516e-16 0)
(0.952279437979956 1.45052162618756e-16 0)
(0.958356780598072 3.190350976373e-16 0)
(0.964136303955991 7.68194659392755e-16 0)
(0.969584985792292 6.5124251904841e-16 0)
(0.974660056317279 9.05993235208042e-16 0)
(0.979306374264531 1.65430367142436e-15 0)
(0.983453120374376 1.47317867464616e-15 0)
(0.987010024495459 1.40451795639547e-15 0)
(0.98986395543311 1.58219068721466e-15 0)
(0.991877719261869 6.92301703379744e-16 0)
(0.99289371998876 -2.44242618261167e-17 0)
(0.992743846494854 -2.05930102462157e-16 0)
(0.991261788981445 4.52557816615297e-16 0)
(0.988287941479547 -3.03843674724546e-16 0)
(0.983657890415653 -5.98704625092944e-16 0)
(0.977173951681264 -4.7590676901928e-16 0)
(0.970706685561626 8.19182036961461e-17 0)
(0.965763065517175 4.68709571647529e-16 0)
(0.960551961654872 5.93014722690296e-16 0)
(0.955105402377647 6.5294075904257e-16 0)
(0.949449021785229 1.56092189482228e-16 0)
(0.943603354697911 7.45308518441488e-16 0)
(0.937584809621891 1.00199397008178e-15 0)
(0.931406401896176 9.48253069983594e-16 0)
(0.92507830872544 1.22825733906849e-15 0)
(0.918608291015149 1.01345129945731e-15 0)
(0.912002014272954 9.76252522113594e-16 0)
(0.90526329162881 1.03446869415332e-15 0)
(0.898394265395393 1.27814381998845e-15 0)
(0.891395538803496 1.02334622495723e-15 0)
(0.884266266042145 1.23148353777515e-15 0)
(0.877004206101641 7.67747854237824e-16 0)
(0.86960574386596 8.65021620619113e-16 0)
(0.862065880215391 6.9923081390341e-16 0)
(0.854378191419422 5.98852389010782e-16 0)
(0.846534756693647 7.99129741351269e-16 0)
(0.838526051346195 5.75299889826107e-16 0)
(0.830340801332745 4.00641300939707e-16 0)
(0.821965793143407 6.80217917852918e-16 0)
(0.813385630597716 2.21209314869016e-16 0)
(0.804582427111912 1.43725694136539e-16 0)
(0.795535418029856 7.3238084600348e-17 0)
(0.786220472253009 2.24049671931861e-16 0)
(0.776609475048836 -3.73960743378143e-16 0)
(0.766669543639901 -4.51121547551519e-16 0)
(0.756362022577881 -3.53699799069732e-16 0)
(0.745641184818319 -7.34100456441456e-16 0)
(0.734452533406522 -5.57738475504178e-16 0)
(0.722730552232661 -8.46258174995862e-16 0)
(0.710395683294497 -1.52865088206016e-15 0)
(0.697350196901838 -2.07047685241562e-15 0)
(0.683472443524492 -1.84490143087631e-15 0)
(0.668608683800264 -1.43381234074381e-15 0)
(0.6525611988022 -2.72483617961389e-15 0)
(0.635070519330476 -2.40497762802356e-15 0)
(0.615788053813806 -2.88491451735318e-15 0)
(0.594232478822014 -1.97919641595856e-15 0)
(0.569717624620766 -3.01290563041932e-15 0)
(0.54122849482206 -3.89679141224521e-15 0)
(0.507200825482878 -4.56522327938933e-15 0)
(0.46512826669776 -6.57669765236742e-15 0)
(0.410963217902091 -5.51043787300342e-15 0)
(0.339152645960216 -8.06976679623042e-15 0)
(0.24793529729249 -5.60871753076356e-15 0)
(0.14745271407112 -1.9453176342636e-15 0)
(0.0485496267969702 -4.27765674337305e-16 0)
)
;
    }
}


// ************************************************************************* //
