0 	1e-15 	1e-15 	0.13682535901766 	0 	0 	0 	0 	0 	0 	6.89391462921117e-20 	-7.00021290449976e-18 	-2.35565482099136e-38 	3.7802546579398e-20 	-2.45234268706193e-37 	-1.0674169287151e-19 	0 	0 	0 	0 	0 	0 	-6.55757216119096e-06 	-0.000325934463009635 	-1.76089452515092e-24 	9.33027370102996e-06 	-1.14426971293467e-23 	-2.772701539839e-06
0.00782225935592548 	0.00110756056329753 	0.0119017519550257 	0.136845803813207 	0.0333759637159204 	-0.000161556119408296 	2.38373418774318e-22 	0.088956975293504 	-0.000252623500038258 	0.0017237954820418 	1.00312378511728e-05 	-5.31503621421012e-05 	-3.56681577568692e-25 	-7.87484835796188e-06 	1.31984749529893e-24 	-2.15638949321097e-06 	0 	0 	0 	0 	0 	0 	4.13774534678463e-06 	-0.000445148144519756 	-1.23529411850663e-24 	-2.70397066992479e-06 	4.35569160579561e-24 	-1.43377467685984e-06
0.0159310709790575 	0.00499306393675779 	0.0249957123915345 	0.136904013990346 	0.0663769219687048 	-0.000381707219795628 	-5.4093082129009e-22 	0.149968880845666 	-0.000760493704533264 	0.00260071141526471 	0.000102967647196257 	-0.000378657648887046 	1.38442390907719e-19 	-7.65529346798947e-05 	-3.14787531547934e-19 	-2.64147125163623e-05 	0 	0 	0 	0 	0 	0 	9.2409070644557e-05 	-0.000684821054235687 	1.38441605319644e-19 	-6.61663524581967e-05 	-4.3047513025736e-19 	-2.62427181863603e-05
0.0243369321180946 	0.0102422365525175 	0.0328301066893065 	0.13697567377617 	0.0864500162962949 	-0.00107201835856082 	2.11274333509229e-17 	0.182278282939486 	-0.00141290428582723 	0.00279512699081499 	0.000217320552597667 	-0.000861765003422749 	-1.46812459034569e-19 	-0.000154710587728957 	2.70558421029724e-19 	-6.26099648687104e-05 	0 	0 	0 	0 	0 	0 	0.000203972803846411 	-0.00103757182167526 	-1.56816280494337e-19 	-0.00014050509091663 	2.15729637079744e-19 	-6.34677129297818e-05
0.0330507245666953 	0.0144854232513531 	0.0370472969107774 	0.13699979544151 	0.0979279286691419 	-0.00174687547190392 	8.49290262184659e-18 	0.201659444068028 	-0.00213991522423077 	0.00291670941002985 	0.00024813604829954 	-0.00123028861767389 	-1.27120078542945e-18 	-0.000166512249784676 	2.29667570327678e-18 	-8.16237985148643e-05 	0 	0 	0 	0 	0 	0 	0.000234781272076736 	-0.00133489060660959 	-1.29409133140161e-18 	-0.000152985432195298 	2.4754910014378e-18 	-8.17958398814377e-05
0.0420837287504864 	0.0178528909325658 	0.0398199118200273 	0.136966895893171 	0.105965873149353 	-0.00235713691957586 	-1.28553586186549e-17 	0.215477505027765 	-0.00292324574972742 	0.00302731716189624 	0.000236824925451316 	-0.00154778531053047 	-3.27680892821001e-19 	-0.000140194691222411 	1.14342443843823e-19 	-9.66302342289047e-05 	0 	0 	0 	0 	0 	0 	0.000223470882843767 	-0.00162265809450571 	-3.41127018305658e-19 	-0.000127002543555389 	1.6594530120725e-19 	-9.64683392883778e-05
0.0514476383301201 	0.0206977453387528 	0.0417677323897622 	0.136914678293161 	0.112430679134194 	-0.00301823684243579 	-8.55103269591129e-23 	0.226231316093937 	-0.00374968746508077 	0.00313196837058022 	0.000213453943277962 	-0.00187140121505752 	6.72256251538271e-19 	-9.48288964378936e-05 	-1.61459449498225e-18 	-0.000118625046840068 	0 	0 	0 	0 	0 	0 	0.000199810250882068 	-0.0019315435749577 	6.72255555459389e-19 	-8.12423691694399e-05 	-1.68103938287551e-18 	-0.000118567881712628
0.0611545753392815 	0.0232117502310915 	0.0431803582724265 	0.136861214648596 	0.118045159122784 	-0.00372523458183595 	-1.08689810938761e-22 	0.235042191271492 	-0.0046161648037402 	0.00319878045396923 	0.000189835941477506 	-0.00220743245828217 	-3.7650138734551e-23 	-4.71170322385187e-05 	-8.07211644690709e-24 	-0.000142718909238987 	0 	0 	0 	0 	0 	0 	0.000176028554004219 	-0.00225896358762082 	-3.85979435577228e-23 	-3.33126871199785e-05 	-7.85869631620866e-24 	-0.000142715866884241
0.0712171058772484 	0.0255012030155989 	0.0442629360508897 	0.13680740117616 	0.123155107489452 	-0.0044643584634475 	-1.24239977383777e-22 	0.242613728094143 	-0.0055339660778843 	0.00320329879291111 	0.00016988242656713 	-0.00255830830126966 	-6.77870402161643e-23 	-1.92070912205976e-06 	-7.03112634611604e-23 	-0.00016796171744507 	0 	0 	0 	0 	0 	0 	0.000156004073834419 	-0.00260425633286719 	-6.92830155205691e-23 	1.19593582489742e-05 	-7.08859498180878e-23 	-0.000167963432083393
0.0816482563763148 	0.0276303881717 	0.0451361577483258 	0.136752706197178 	0.127949708275456 	-0.00523292436574062 	3.27162058313925e-23 	0.249347981629787 	-0.00650321727093728 	0.00315522214760099 	0.000154202725766796 	-0.00292516120325 	7.65444494236585e-23 	4.10142493524593e-05 	-3.44281542539956e-23 	-0.000195216975119255 	0 	0 	0 	0 	0 	0 	0.000140287455229611 	-0.00296722514625792 	7.71350560386041e-23 	5.49296994245046e-05 	-3.5122911592599e-23 	-0.000195217154654115
0.0924615304651366 	0.0296412452589203 	0.0458594190909258 	0.136698009746659 	0.132544185222616 	-0.00603105073640228 	1.72228980784406e-23 	0.255455919510424 	-0.00751516485680304 	0.0030550498854166 	0.000143950142040545 	-0.00330844381513175 	-4.20213155713584e-23 	8.08173232730756e-05 	1.10085473990424e-23 	-0.000224767465313621 	0 	0 	0 	0 	0 	0 	0.000130016203326635 	-0.0033476751698742 	-4.19514963391548e-23 	9.47510487882578e-05 	1.16373728682126e-23 	-0.000224767252114893
0.103670926449831 	0.0315628348974484 	0.0464849252976274 	0.136644666002373 	0.137015595844684 	-0.00685906497528571 	-1.16182076160034e-22 	0.261121631949146 	-0.00857711121628237 	0.00293844574167836 	0.000140788194018571 	-0.00370859841651579 	-1.4922094149238e-22 	0.00011587804415949 	-7.96079701887509e-23 	-0.000256666238178061 	0 	0 	0 	0 	0 	0 	0.000126849633727637 	-0.00374570076225989 	-1.51078871716519e-22 	0.000129816495076023 	-7.95431803364206e-23 	-0.00025666612880366
0.115290955435463 	0.0334162807757662 	0.0470418497395536 	0.136594032469656 	0.141419503244891 	-0.00771731529470485 	3.31813953490796e-23 	0.266420162339569 	-0.00968946019669862 	0.00282283870432575 	0.000146514877437743 	-0.00412609472666046 	4.95168155551398e-18 	0.00014448164921179 	-1.01464967081789e-17 	-0.000290996526649533 	0 	0 	0 	0 	0 	0 	0.00013258330642581 	-0.0041615676453248 	4.95168257188277e-18 	0.000158413211880431 	-1.02357871930907e-17 	-0.000290996518306241
0.12733666011137 	0.0352175443216156 	0.0475396326791365 	0.136547462991771 	0.145798574166475 	-0.00860622287615085 	2.31348835571669e-17 	0.271440777430013 	-0.0108489503825224 	0.00270778443250536 	0.000163002194373234 	-0.00456139332078862 	6.84692279343284e-17 	0.000164892217947479 	-3.3573443650376e-18 	-0.000327894412320714 	0 	0 	0 	0 	0 	0 	0.000149087478358158 	-0.00459560872406883 	6.90021852358769e-17 	0.000178806972390189 	-3.40105998377015e-18 	-0.000327894450748347
0.13982363422465 	0.036979078409604 	0.0480035727411843 	0.136506363296684 	0.150187438188345 	-0.00952627099996844 	1.5304588406935e-18 	0.276274119542583 	-0.0120620256879692 	0.00257899155980688 	0.000192228513638648 	-0.00501493052780984 	-1.77073178726785e-17 	0.000175301410820459 	2.2751559407886e-17 	-0.000367529924459107 	0 	0 	0 	0 	0 	0 	0.000178339415916773 	-0.00504817650487044 	-1.76944132772811e-17 	0.000189190569694184 	2.29157433519973e-17 	-0.000367529985610957
0.152768042767027 	0.0387108615380152 	0.0484610555737647 	0.136472212632522 	0.154615628595834 	-0.0104779732210898 	-2.14816033671497e-17 	0.280999085728261 	-0.0133257444394627 	0.00244184960716318 	0.000236297808617625 	-0.0054871094558867 	-7.37499777228012e-17 	0.000173800236987238 	3.71385356025999e-18 	-0.000410098045604863 	0 	0 	0 	0 	0 	0 	0.000222442494681533 	-0.00551961698291853 	-7.42624217356357e-17 	0.000187655625137778 	3.75571837990208e-18 	-0.000410098119819311
0.166186642901204 	0.0404210698317921 	0.0489382722031079 	0.136446568465955 	0.159109462961666 	-0.0114618459278159 	-1.01965807511783e-22 	0.285638357785805 	-0.0146236749800645 	0.00227110242851754 	0.000297446775407558 	-0.00597829035906895 	7.09133927859351e-18 	0.000158370494858037 	-1.22151432710668e-17 	-0.000455817270265595 	0 	0 	0 	0 	0 	0 	0.000283633173681917 	-0.00601025033280331 	7.09624914701306e-18 	0.000172184177437708 	-1.22916798657572e-17 	-0.000455817351119625
0.18009680565383 	0.0421165267642485 	0.0494557546239314 	0.136431067734784 	0.163693306919377 	-0.0124783865911677 	-9.17737517238016e-23 	0.290203562765011 	-0.0159587918102618 	0.00200746115728136 	0.000378048210605803 	-0.00648877928323075 	-3.79028275747339e-22 	0.000126881645992207 	-1.33627964255158e-23 	-0.00050492985659801 	0 	0 	0 	0 	0 	0 	0.000364284278870838 	-0.00652035381235993 	-3.81311438352503e-22 	0.000140645660208372 	-1.33911142961307e-23 	-0.000504929939079211
0.19451653840313 	0.0438030103490574 	0.0500206317794042 	0.136427425995109 	0.168390465727346 	-0.0135280536306041 	-4.0220526052791e-23 	0.294814393092357 	-0.0173440543878206 	0.00166702320627651 	0.000480609957011332 	-0.00701881411815625 	-2.1327848764054e-22 	7.70912096716715e-05 	-1.41010473451844e-22 	-0.000557701166683003 	0 	0 	0 	0 	0 	0 	0.00046690389503163 	-0.00705014426581587 	-2.14387481538795e-22 	9.0797351675216e-05 	-1.41084832789224e-22 	-0.000557701246706846
0.209464508190326 	0.0454854650930026 	0.0506293427327751 	0.136437434442047 	0.173223844423552 	-0.0146112459220092 	-4.92375465937059e-23 	0.299520016434591 	-0.0187837807454537 	0.00119378969103508 	0.000607772731153385 	-0.0075685497946732 	-2.53978016431977e-22 	6.64637512396817e-06 	-2.5647869066249e-22 	-0.000614419106277353 	0 	0 	0 	0 	0 	0 	0.000594133161058984 	-0.00759976104299861 	-2.55411267119806e-22 	2.02860193206202e-05 	-2.56610192344087e-22 	-0.000614419180379605
0.224960065885025 	0.0471681475961999 	0.0512589431126599 	0.136462954733135 	0.178216459580822 	-0.0157282812376557 	3.52031050871529e-23 	0.304366982839959 	-0.020280509535247 	0.000542553461015075 	0.000762304793514948 	-0.00813804136963185 	2.21894507965335e-22 	-8.69112715319882e-05 	2.12374841339209e-22 	-0.00067539352198296 	0 	0 	0 	0 	0 	0 	0.000748740920034166 	-0.00816924756831605 	2.22806996280405e-22 	-7.33473327566693e-05 	2.12136756041455e-22 	-0.000675393587277497
0.241023271235857 	0.0488547238296222 	0.0519063146771563 	0.136505911143236 	0.183391853238054 	-0.0168793728021302 	-5.01288200221373e-24 	0.309383537287251 	-0.0218277060172127 	-0.000171633349180212 	0.000947093550579908 	-0.00872722665426516 	-1.35426898247369e-22 	-0.000206138408755482 	3.20359821797569e-22 	-0.000740955141824425 	0 	0 	0 	0 	0 	0 	0.000933615309692741 	-0.00875853292967823 	-1.35708885879894e-22 	-0.000192660113427794 	3.20607263904581e-22 	-0.000740955196264948
0.257674918838785 	0.0505483294419166 	0.0525986575420933 	0.136568279398615 	0.188774442117357 	-0.0180646034454288 	-4.03492259885896e-23 	0.314559902912739 	-0.0234169286053079 	-0.000909038660110299 	0.00116513277747589 	-0.00933590546346285 	-3.41453298821691e-22 	-0.000353678468739001 	7.44592086527808e-23 	-0.000811454308736888 	0 	0 	0 	0 	0 	0 	0.00115175097978458 	-0.00936741039901511 	-3.42652099223295e-22 	-0.000340296628797487 	7.47849032595142e-23 	-0.000811454350987092
0.274936565056721 	0.0522516002008334 	0.0533454864457992 	0.136652072504612 	0.194389824251445 	-0.0192838963199525 	-7.70101820448477e-23 	0.319987202009803 	-0.0250330351428392 	-0.00166533955199615 	0.00141950402147807 	-0.00996371569247857 	-7.33728194663999e-22 	-0.000532245605506403 	1.30221522606169e-22 	-0.000887258415971667 	0 	0 	0 	0 	0 	0 	0.0014062304932066 	-0.00999551297605828 	-7.36111311864544e-22 	-0.000518972048177957 	1.30767772092326e-22 	-0.000887258445028638
0.292830555925276 	0.0539666768778128 	0.0541045448914942 	0.136759323577363 	0.200265053784988 	-0.0205369823168556 	-1.49209780521144e-22 	0.325650611726346 	-0.026645282065798 	-0.00231225476252207 	0.00171335676543174 	-0.0106101125954684 	-1.28027191394726e-21 	-0.000744606814255143 	-6.35102571857928e-22 	-0.000968749951176595 	0 	0 	0 	0 	0 	0 	0.00170020448805963 	-0.0106422922619424 	-1.2848317277141e-21 	-0.000731454521542783 	-6.34651447932159e-22 	-0.000968749966516848
0.311380056080784 	0.0556951869008885 	0.0548360475095161 	0.136892064478407 	0.206428893172357 	-0.0218233635198941 	-7.31336180510301e-23 	0.331538550587176 	-0.0282434808476583 	-0.00279950433102145 	0.00204987742112332 	-0.0112743370803199 	-4.9257287584778e-22 	-0.000993556044540702 	-8.58905662173795e-22 	-0.00105632137658262 	0 	0 	0 	0 	0 	0 	0.00203686067148299 	-0.0113069864408936 	-4.9477959905177e-22 	-0.000980539293671542 	-8.59272162809692e-22 	-0.00105632137781145
0.330609078748043 	0.0574382038323329 	0.0555432692514316 	0.137052300182637 	0.212912047401985 	-0.0231422719376139 	7.66362600473807e-23 	0.337752667920762 	-0.0298569470303018 	-0.00321939946603222 	0.00243225520503849 	-0.0119553891287818 	8.36691680241618e-22 	-0.00128188433679949 	2.58419433867754e-22 	-0.001150370868239 	0 	0 	0 	0 	0 	0 	0.00241938969495707 	-0.0119885934352926 	8.39176130068372e-22 	-0.00126901883990253 	2.57870720298557e-22 	-0.00115037085505454
0.350542516826599 	0.0591961846881436 	0.0562467027966785 	0.137241978058935 	0.219747377372281 	-0.0244926239670913 	4.21396847478264e-23 	0.344334392521194 	-0.0315095350490445 	-0.00363895761911256 	0.00286363941038469 	-0.0126519997513496 	3.56310927806481e-22 	-0.00161234246961384 	8.78661148063895e-23 	-0.00125129694077085 	0 	0 	0 	0 	0 	0 	0.00285094242382111 	-0.0126858426305668 	3.57763964466972e-22 	-0.00159964551083415 	8.81512448396212e-23 	-0.00125129691298696
0.371206175115803 	0.0609688844302221 	0.0569572769189773 	0.137462952157482 	0.226970094168037 	-0.0258729695794651 	-1.06217956605507e-22 	0.351198694307516 	-0.0331820306189382 	-0.00402767631486315 	0.0033470836698651 	-0.0133625924944747 	-1.1341128598856e-21 	-0.00198759528364471 	-2.88904115077963e-22 	-0.00135948838622039 	0 	0 	0 	0 	0 	0 	0.00333457419449002 	-0.0133971561814435 	-1.13725673735576e-21 	-0.00197508585139261 	-2.88276623441356e-22 	-0.00135948834309741
0.392626803720377 	0.0627552466083282 	0.0576725922423581 	0.137716943706159 	0.234617930035826 	-0.0272814368188947 	-7.270824480556e-23 	0.358309329408114 	-0.0348490421684365 	-0.00426153183271773 	0.0038854872293144 	-0.0140852536180966 	-7.01629428944996e-22 	-0.00241017068645541 	-5.65434309229679e-23 	-0.00147531654285899 	0 	0 	0 	0 	0 	0 	0.00387318607645581 	-0.0141206189892167 	-7.03772281182075e-22 	-0.00239786959315771 	-5.65289863951628e-23 	-0.00147531648329809
0.414832132679714 	0.0645532688193338 	0.0583579854032603 	0.138005496129588 	0.242731276200288 	-0.028715672371711 	-3.14275323436157e-24 	0.36571397923627 	-0.0365098412141338 	-0.00439648330866813 	0.0044815210881286 	-0.0148176980761276 	-2.40280640302464e-22 	-0.00288239751813424 	1.10080459963789e-21 	-0.00159912356999436 	0 	0 	0 	0 	0 	0 	0.00446945099327204 	-0.0148539444800169 	-2.40491171679545e-22 	-0.00287032750027588 	1.1010744787132e-21 	-0.00159912349299616
0.437850907865753 	0.0663598417771657 	0.0589902961866373 	0.138329924261272 	0.251353280170675 	-0.0301727787161082 	-2.22538242682903e-22 	0.373413475903217 	-0.0382010221615811 	-0.00450571712780765 	0.00513754316757296 	-0.0155572354704973 	-2.88841371360201e-21 	-0.00340633433953368 	4.10387828394334e-22 	-0.00173120882803927 	0 	0 	0 	0 	0 	0 	0.00512572886169624 	-0.015594440357288 	-2.89553518523254e-21 	-0.00339452012931289 	4.11932050192266e-22 	-0.00173120873238335
0.461712928195905 	0.0681705611710348 	0.0595917108991907 	0.138691261096519 	0.260529891838032 	-0.0316492493657504 	-3.69202504260266e-22 	0.381495564242674 	-0.0399446341303654 	-0.00461030806529575 	0.00585550050065519 	-0.0163007395587587 	-4.30570810462595e-21 	-0.00398368630597422 	-7.91860654688667e-22 	-0.00187181419468097 	0 	0 	0 	0 	0 	0 	0.0058439687385072 	-0.0163389778955039 	-4.3174279357996e-21 	-0.00397215466018923 	-7.90651487448416e-22 	-0.00187181407831797
0.486449084209191 	0.0699795122818313 	0.0601956842226453 	0.139090205980131 	0.270309842396617 	-0.033140905172898 	-1.47178265542476e-22 	0.390105931381901 	-0.0417049360182742 	-0.00465726196513353 	0.00663682665273953 	-0.0170446269188732 	-1.45237543785909e-21 	-0.00461571836248808 	-1.31126507757278e-21 	-0.00202110829025145 	0 	0 	0 	0 	0 	0 	0.00662560617942518 	-0.0170839703757867 	-1.45704875090675e-21 	-0.00460449803045102 	-1.31143336532307e-21 	-0.00202110814897417
0.512091398055535 	0.0717790285382952 	0.0608393294667767 	0.139527078263702 	0.280744539234918 	-0.0346428350879687 	3.55938150180111e-24 	0.399227005589974 	-0.04344419331651 	-0.0043832604906688 	0.00748232971294249 	-0.0177848461151994 	2.23151932429135e-22 	-0.00530315744110219 	-1.22535471760405e-21 	-0.0021791722718403 	0 	0 	0 	0 	0 	0 	0.00747145114762405 	-0.0178253620171968 	2.23356717658035e-22 	-0.00529227904882393 	-1.2254799621498e-21 	-0.00217917209880012
0.53867306494999 	0.0735594270175899 	0.0615192367721555 	0.14000177706648 	0.291887862647433 	-0.0361493475993217 	-6.99671130304867e-23 	0.408715874362055 	-0.0451308931457571 	-0.0036923701948707 	0.00839207754450707 	-0.0185168831647273 	-9.68122314484541e-22 	-0.00604609100786726 	1.92109775416728e-22 	-0.0023459865366398 	0 	0 	0 	0 	0 	0 	0.00838157315064083 	-0.0185586332102786 	-9.70340647558478e-22 	-0.00603558682680704 	1.92608053397169e-22 	-0.00234598632383379
0.566228496145544 	0.0753087262940028 	0.0621922471457543 	0.140513749389927 	0.303795845644468 	-0.0376539407353029 	-1.48969739778016e-22 	0.418565857332347 	-0.0467931322484677 	-0.00283081353848554 	0.00936527714286023 	-0.0192357888716562 	-1.67044035147985e-21 	-0.00684385629684212 	-1.19198566159553e-21 	-0.00252142084601811 	0 	0 	0 	0 	0 	0 	0.00935518045449425 	-0.0192788276327312 	-1.67481752371764e-21 	-0.00683375986702909 	-1.1913940728139e-21 	-0.00252142058746516
0.594793363480155 	0.077012355122221 	0.0628325389918787 	0.14106197951158 	0.31652622482303 	-0.0391492988116631 	-1.00893942570133e-22 	0.428898450540365 	-0.0484299520768546 	-0.00197321503576327 	0.0104001677107405 	-0.0199362341294588 	-1.07508358044306e-21 	-0.00769493731696829 	1.31863727454751e-21 	-0.00270523039377217 	0 	0 	0 	0 	0 	0 	0.0103905129934068 	-0.0199806073692273 	-1.07756010092653e-21 	-0.00768528290901933 	1.31862094504944e-21 	-0.00270523008438744
0.624404645555666 	0.0786528638662732 	0.0634128716564854 	0.141645022386952 	0.330137849499926 	-0.0406273205236002 	1.22243770439306e-22 	0.439862731865604 	-0.0499643792770322 	-0.00116589910009774 	0.0114939554706215 	-0.0206125985000836 	1.56389071713297e-21 	-0.00859689114117557 	2.37827410605724e-21 	-0.00289706432944595 	0 	0 	0 	0 	0 	0 	0.0114847770074938 	-0.0206583413631275 	1.5678944544169e-21 	-0.00858771304190346 	2.37719653226214e-21 	-0.00289706396559037
0.655100675608399 	0.0802096539439329 	0.0638704342181216 	0.142261050302932 	0.34468993796945 	-0.0420791928528819 	2.89599843542681e-22 	0.45154015982058 	-0.051360130895807 	-0.000500113097085057 	0.0126428168562684 	-0.0212590906560954 	3.61758443036626e-21 	-0.00954631160800626 	-3.96177375495905e-22 	-0.00309650524826215 	0 	0 	0 	0 	0 	0 	0.0126341480691783 	-0.0213062257880872 	3.6263256720614e-21 	-0.00953764319362602 	-3.97358090878408e-22 	-0.00309650487555224
0.686921191133374 	0.0816587426386574 	0.0641601788968807 	0.142907784574699 	0.360241155973089 	-0.0434955383568553 	1.44537712656974e-22 	0.463847091947012 	-0.0525624640135851 	-0.00015289880005162 	0.0138419659598387 	-0.0218699558129557 	1.72890612233861e-21 	-0.0105387900583027 	-1.27277670547246e-22 	-0.00330317590153591 	0 	0 	0 	0 	0 	0 	0.0138338384368371 	-0.021918491760726 	1.73334600808524e-21 	-0.0105306626809926 	-1.27610256988321e-22 	-0.00330317575584444
0.719907385326427 	0.0829725755332052 	0.0643202574687737 	0.143582382898965 	0.376848656848414 	-0.0448666362808038 	1.38906367299637e-22 	0.476638915209946 	-0.0535556723241881 	-0.000180349710566838 	0.0150860755144944 	-0.0224390537351733 	1.64975820605309e-21 	-0.0115695488016238 	2.96389695113771e-21 	-0.00351652671287062 	0 	0 	0 	0 	0 	0 	0.0150785190580754 	-0.022488983723118 	1.65419142827862e-21 	-0.0115619922611061 	2.96291848869266e-21 	-0.0035165267969693
0.754101960410785 	0.084119895725542 	0.0644186694063504 	0.144282267050293 	0.394566804030397 	-0.0461818509840911 	4.32513905445246e-22 	0.489758822011294 	-0.0543800418825583 	-0.000436628412990877 	0.0163689900247501 	-0.0229596451387583 	5.16636863073046e-21 	-0.0126328329013894 	2.66404578463438e-21 	-0.00373615712336076 	0 	0 	0 	0 	0 	0 	0.0163620331786374 	-0.0230109456216904 	5.17948062673033e-21 	-0.0126258755266322 	2.66216389504379e-21 	-0.00373615765200517
0.789549182917167 	0.0850656590174787 	0.0644447227218105 	0.145003921411822 	0.413445360882944 	-0.0474303252511685 	3.0080371621365e-22 	0.503392734716048 	-0.0550830066217161 	-0.000699002231025766 	0.0176906828398231 	-0.0234258352209654 	3.72004523102e-21 	-0.013728824415169 	-3.78183978290217e-21 	-0.00396185842465401 	0 	0 	0 	0 	0 	0 	0.0176843577854825 	-0.023478474240432 	3.72884636114456e-21 	-0.0137224993169826 	-3.78219107809382e-21 	-0.0039618584684999
0.82629494098894 	0.0857707201375303 	0.0642750415292285 	0.145739978121726 	0.433534438453094 	-0.0485971779968543 	-7.82652661930569e-23 	0.517943647504575 	-0.055656917502606 	-0.000667508422486788 	0.0190451135801959 	-0.0237945769949027 	-8.71026088901417e-22 	-0.0148667154957744 	2.17919036963383e-22 	-0.00417839808442144 	0 	0 	0 	0 	0 	0 	0.0190394937244885 	-0.0238484843302768 	-8.73739833876691e-22 	-0.0148611234136105 	2.1786380751135e-22 	-0.00417837031087794
0.864386803786544 	0.0861925690562966 	0.0638464599514045 	0.146462561683025 	0.454850240836388 	-0.0496309467833524 	6.76720780498358e-22 	0.533158891464957 	-0.0560345877245323 	-0.000303976418264022 	0.0203221355036493 	-0.0240552535230112 	7.54095516787029e-21 	-0.0159234974228266 	6.91175792604115e-21 	-0.0043986380808227 	0 	0 	0 	0 	0 	0 	0.0203172460313421 	-0.0241102372859585 	7.55969182247109e-21 	-0.0159186074607253 	6.90869083605792e-21 	-0.00439863857061685
0.903874083068073 	0.0862880346087053 	0.0631658781848495 	0.146840237571997 	0.47733676811207 	-0.0506042359547476 	8.33889312681411e-22 	0.548756889870762 	-0.0561926417229999 	0.000335793810462664 	0.0215389336778094 	-0.024216332004195 	1.01021100598227e-20 	-0.0169093455094708 	-1.07857336607416e-21 	-0.00462958816833858 	0 	0 	0 	0 	0 	0 	0.0215348220635797 	-0.024272236717289 	1.01265069509703e-20 	-0.016905125870376 	-1.08106841831067e-21 	-0.00462969619320369
0.944807897025721 	0.0860123882726757 	0.0622047842473242 	0.146484536895253 	0.501018943354391 	-0.0514700666748134 	6.67125323224484e-22 	0.564999759463275 	-0.0560968911136502 	0.00103291408338246 	0.0214874858161224 	-0.0240616446716489 	8.27325135875323e-21 	-0.0170822988970293 	1.82572417359537e-21 	-0.00440518691909312 	0 	0 	0 	0 	0 	0 	0.0214845217984254 	-0.0241185205056662 	8.29435213135224e-21 	-0.0170793075152289 	1.8232118216193e-21 	-0.00440521428319654
0.987241236460762 	0.0853471349478462 	0.0609692867435702 	0.146035645480499 	0.525991191954669 	-0.0519222751159314 	1.36565766997823e-21 	0.581918990036697 	-0.0556753723368164 	0.00156152388482941 	0.0211459918614821 	-0.0238031971901556 	1.5765790047307e-20 	-0.0170048864297689 	5.35580501712295e-21 	-0.00414110543171321 	0 	0 	0 	0 	0 	0 	0.0211442367593423 	-0.0238609360809417 	1.58062770885721e-20 	-0.0170032594187325 	5.35124507187745e-21 	-0.00414097734060984
1.0312290333827 	0.0842793187648543 	0.059537231321725 	0.146421249949497 	0.552186952770837 	-0.0521483519252593 	1.25718460342407e-21 	0.599081699049743 	-0.0548985473568207 	0.00192037438958601 	0.0225603050626936 	-0.0237689809365467 	1.3438023656038e-20 	-0.0181213500998514 	7.27078432015634e-21 	-0.00443895496284226 	0 	0 	0 	0 	0 	0 	0.022559271781497 	-0.0238271982549925 	1.34745429930583e-20 	-0.0181203510999473 	7.26792513430588e-21 	-0.00443892068154972
1.07682823212141 	0.0827558458892271 	0.0579775287811991 	0.147230815779194 	0.579487988287852 	-0.0523804038039974 	6.99196288733702e-22 	0.616466456944976 	-0.0538189456885451 	0.00227096187105456 	0.0243227455437179 	-0.0235675348727784 	7.05495159543881e-21 	-0.0195115933927334 	-2.58604053432042e-22 	-0.00481115215098453 	0 	0 	0 	0 	0 	0 	0.0243224371980594 	-0.0236259100338207 	7.07440355414874e-21 	-0.0195112239150613 	-2.58649721342874e-22 	-0.00481121328299816
1.12409786304433 	0.0807130402202496 	0.0561867728424862 	0.147614685135524 	0.607799094860103 	-0.0523503926314148 	-6.27848647175425e-22 	0.634236083935368 	-0.0524367611883413 	0.0029158966759738 	0.0256132588007888 	-0.0228432137523387 	-6.17057510501506e-21 	-0.0205573798883842 	-1.68348524801446e-20 	-0.00505587891240453 	0 	0 	0 	0 	0 	0 	0.025614151205473 	-0.0229012963520885 	-6.1915179083177e-21 	-0.0205582576328298 	-1.68322954183843e-20 	-0.00505589357264326
1.17309911897413 	0.0780996748459932 	0.0540097572807914 	0.147311886165528 	0.63673252421939 	-0.051925291484187 	-2.6455137224995e-22 	0.652068118051999 	-0.0508161406494343 	0.00365547109219566 	0.0264452933078041 	-0.021541289925406 	-1.94415893030471e-21 	-0.0213209242680284 	-3.63821386348281e-22 	-0.00512436903977577 	0 	0 	0 	0 	0 	0 	0.0264477546169828 	-0.0215982475214408 	-1.95099932432823e-21 	-0.021323376098237 	-3.64810616026324e-22 	-0.00512437851874582
1.22389543440576 	0.0748935741918829 	0.0514589760362809 	0.146192766667794 	0.665690744761075 	-0.0510427240832823 	1.08534419410812e-21 	0.669656350183708 	-0.0490296873671969 	0.00396888599893063 	0.0263904866582898 	-0.01973118081046 	1.10869116384976e-20 	-0.0214178660144732 	1.781910400677e-20 	-0.00497262064381661 	0 	0 	0 	0 	0 	0 	0.0263947399431462 	-0.0197861119096925 	1.11227648985279e-20 	-0.0214221010011433 	1.78160968603253e-20 	-0.00497263894200289
1.2765525676255 	0.0711380528293533 	0.0486550461389672 	0.144274053690875 	0.694231316101874 	-0.0495946892824749 	-1.33764525004836e-23 	0.687111654592142 	-0.0470399172510752 	0.00375436569453341 	0.0254681431164435 	-0.0175753184216052 	-2.05823929228889e-21 	-0.0208224327338523 	1.05081137900459e-20 	-0.00464571038259114 	0 	0 	0 	0 	0 	0 	0.0254741928006878 	-0.017627426072555 	-2.05774961503771e-21 	-0.0208285600551311 	1.05098833976408e-20 	-0.00464563274555673
1.33113868583821 	0.0669746968206566 	0.0457146719677841 	0.141933597820307 	0.721898161691229 	-0.047496177148925 	-1.06213759606633e-21 	0.704140689469754 	-0.0449069721023048 	0.00304320793757697 	0.0235707972367752 	-0.0157066773046106 	-1.01421206029113e-20 	-0.0193182771951083 	-8.7566040134163e-21 	-0.00425252004166691 	0 	0 	0 	0 	0 	0 	0.0235778138997986 	-0.0157554406302758 	-1.01761274992916e-20 	-0.0193253541381174 	-8.75573120358352e-21 	-0.00425245976168118
1.3877244534131 	0.0626064446743853 	0.0427264869755104 	0.138706456863903 	0.748608173377635 	-0.0453950013780114 	1.60095593560062e-21 	0.720462539181393 	-0.042704079133369 	0.00228022614374476 	0.021162489887141 	-0.0146957467120046 	1.99964956824005e-20 	-0.0172401656741234 	-2.58655036024097e-21 	-0.0039223242130176 	0 	0 	0 	0 	0 	0 	0.0211690278042845 	-0.0147414381477293 	2.00492544158315e-20 	-0.0172465383539677 	-2.59196024925329e-21 	-0.00392248945031672
1.44638312336215 	0.0581818973230357 	0.0397337278242886 	0.133407167345478 	0.774896969976734 	-0.0437260336264811 	1.74916451510722e-21 	0.736555357749537 	-0.040442587945642 	0.00169297202518739 	0.0154789278486853 	-0.01422793882828 	1.89745135394902e-20 	-0.0126962256649752 	3.33004266235926e-21 	-0.00278270218371014 	0 	0 	0 	0 	0 	0 	0.0154854571280812 	-0.0142708124647721 	1.90306669363573e-20 	-0.0127026500974085 	3.32776451598911e-21 	-0.00278280703067271
1.50719063216969 	0.0538536504574218 	0.0367677917593358 	0.127280692797038 	0.800510667128231 	-0.041374113098536 	5.41055157108704e-23 	0.752847590074413 	-0.0381599826165306 	0.00112895346765678 	0.00764100203087571 	-0.0137636708144769 	1.43696316643941e-21 	-0.00665158127449813 	-4.47614173367577e-21 	-0.000989420756377578 	0 	0 	0 	0 	0 	0 	0.00764856514336458 	-0.0138027964328258 	1.43927836406129e-21 	-0.0066593362050133 	-4.47594754778831e-21 	-0.00098922893835128
1.57022569809586 	0.0498086536643146 	0.0340141621767815 	0.123310400092956 	0.824209430320251 	-0.0384947914762079 	1.40693275141455e-21 	0.768654062157661 	-0.0359190532700671 	0.000801024556727058 	0.00367283249661646 	-0.0126681418495338 	1.96234279706966e-20 	-0.00350570251176627 	-7.76627910852411e-22 	-0.000167129984850186 	0 	0 	0 	0 	0 	0 	0.00368031596380585 	-0.0127026472327056 	1.96765582451071e-20 	-0.0035133158169148 	-7.80804005764759e-22 	-0.000167000146891051
1.63556992308116 	0.0461404897965152 	0.0315234572248428 	0.121782947144749 	0.845494941146356 	-0.0361285990704135 	2.42968675629504e-21 	0.783220784043762 	-0.0337052848379445 	0.000819412199363714 	0.00268756207174414 	-0.0111614328928708 	3.38724839870836e-20 	-0.00258995557915772 	-7.94854509821785e-22 	-9.76064925864233e-05 	0 	0 	0 	0 	0 	0 	0.00269409785912498 	-0.0111915744840903 	3.39639781852432e-20 	-0.00259641770852556 	-7.99553100539267e-22 	-9.76801505994186e-05
1.70330789838417 	0.042854792509887 	0.0292253616205047 	0.120936882168861 	0.864690253968927 	-0.0340023179352848 	2.39954728836814e-21 	0.797121562186164 	-0.0314822056486485 	0.000931053117340737 	0.00225045332996434 	-0.00989813493659489 	3.43333576088937e-20 	-0.00222055120197394 	-9.26644960581822e-22 	-2.99021279904082e-05 	0 	0 	0 	0 	0 	0 	0.00225634989653453 	-0.00992458590278114 	3.44251504532536e-20 	-0.00222639804422614 	-9.29489870338457e-22 	-2.9951852308393e-05
1.77352731408897 	0.0399138567278517 	0.0271342110313166 	0.120026672311287 	0.882057693608382 	-0.0318950023717356 	9.86321514560106e-22 	0.810434163021622 	-0.0293223020689879 	0.000648237437022985 	0.00208084182074415 	-0.0088605057083946 	1.47368128104965e-20 	-0.00207802112665849 	-9.36361258105183e-24 	-2.82069408566041e-06 	0 	0 	0 	0 	0 	0 	0.00208627985674194 	-0.00888383414488959 	1.47759328329984e-20 	-0.00208346104937115 	-9.46457559151364e-24 	-2.81880737078882e-06
1.84631907262422 	0.0372766584349377 	0.0252711664857695 	0.119068146537122 	0.897817183442083 	-0.029886523508339 	-3.74150460984786e-23 	0.822715606343776 	-0.0272811333876832 	-0.000155065788204858 	0.00196558862330617 	-0.0079801916558874 	-1.61495387721967e-22 	-0.00196247689332908 	3.27591843161162e-22 	-3.11172997709224e-06 	0 	0 	0 	0 	0 	0 	0.00197064941393756 	-0.00800086533095748 	-1.61921337251351e-22 	-0.00196753561752893 	3.28377808362284e-22 	-3.11379640863932e-06
1.92177740644075 	0.0349040512835497 	0.0236312704288877 	0.118048334745723 	0.912215978739461 	-0.0279290973418424 	-4.36124665282596e-22 	0.834421189630759 	-0.0253425863714642 	-0.00106040538496091 	0.00187669516488979 	-0.00717849063066343 	-6.85518202862453e-21 	-0.00187590236325795 	2.9566216505232e-22 	-7.92801631843738e-07 	0 	0 	0 	0 	0 	0 	0.00188150322940616 	-0.00719694132658519 	-6.87290852604594e-21 	-0.00188071156845944 	2.96425581968459e-22 	-7.91660946720743e-07
2 	0.0329674629647739 	0.0222959656661019 	0.117128212202577 	0.923990633778909 	-0.0262043090522581 	-4.72631475115314e-22 	0.844614449693838 	-0.0236878311584125 	-0.0017540977516384 	0.00180552189594727 	-0.00649796446657798 	-7.5385283781604e-21 	-0.00180570254059626 	6.43576042144791e-23 	1.80644648991587e-07 	0 	0 	0 	0 	0 	0 	0.00181017910004243 	-0.00651473527205002 	-7.55800728293433e-21 	-0.00181036089013454 	6.45194424748913e-23 	1.81790092114009e-07
2.04048019216691 	0.0316864346833413 	0.0214210552635856 	0.116470218757081 	0.931682779801913 	-0.0250107481184421 	0 	0.851414051313925 	-0.0225844275846314 	-0.0022100182588577 	0.00175903432202504 	-0.00603434797419346 	5.14355559745483e-26 	-0.00175827243807101 	-1.48125657404568e-22 	-7.61883954038079e-07 	0 	0 	0 	0 	0 	0 	0.00176361760996523 	-0.00605007743468702 	5.14355610173088e-26 	-0.00176285426782643 	-1.48512212332435e-22 	-7.63342138796694e-07
2.07952987991697 	0.0306980585311402 	0.0207523054195814 	0.1159530172862 	0.937478862587676 	-0.0240676413107198 	0 	0.856552441283538 	-0.0217277726533577 	-0.00241774944003509 	0.0017226556922007 	-0.0056761243891079 	0 	-0.00172231265877152 	0 	-3.43033429179007e-07 	0 	0 	0 	0 	0 	0 	0.00172719710259221 	-0.00569109542749622 	0 	-0.00172685377101999 	0 	-3.43331572218172e-07
2.11719961495896 	0.029766138704397 	0.0201225191325335 	0.115459346679048 	0.942797517859372 	-0.0231649561033998 	0 	0.861400071165977 	-0.0209010695899612 	-0.00254028241978344 	0.00168587669720112 	-0.00533657213436853 	0 	-0.00168564191286956 	0 	-2.34784331563659e-07 	0 	0 	0 	0 	0 	0 	0.00169038695109158 	-0.00535085649589188 	0 	-0.00169015218678904 	0 	-2.34764302533093e-07
2.15353816258619 	0.0288811538085249 	0.0195270613175677 	0.114988512392565 	0.947687610605471 	-0.0222990898004612 	0 	0.865949385922457 	-0.0200901285048814 	-0.0026691707831772 	0.0016488172240863 	-0.00501036189614549 	0 	-0.00164851578720233 	0 	-3.01436883976143e-07 	0 	0 	0 	0 	0 	0 	0.00165330542580997 	-0.00502400963048583 	0 	-0.00165300408306454 	0 	-3.01342745437079e-07
2.1885925648055 	0.0280360022854013 	0.0189562166525127 	0.114540205637616 	0.95218918238531 	-0.0214672137406598 	0 	0.870233330936997 	-0.0193050600404438 	-0.00281036707123534 	0.00161104497450408 	-0.00469556729539194 	0 	-0.00161065936443585 	0 	-3.85610068232329e-07 	0 	0 	0 	0 	0 	0 	0.00161551883192534 	-0.00470861639582808 	0 	-0.00161513322846137 	0 	-3.8560346397369e-07
2.22240820123539 	0.0272253385668433 	0.0184223250241135 	0.114113632690656 	0.956335358249118 	-0.0206666677389229 	0 	0.874283144597583 	-0.0185491331123567 	-0.00299862467106013 	0.0015719997693092 	-0.00439095502433523 	0 	-0.00157178898661828 	0 	-2.10782690916145e-07 	0 	0 	0 	0 	0 	0 	0.00157646590015538 	-0.00440343402442831 	0 	-0.00157625514567154 	0 	-2.10754483839733e-07
2.25502884785218 	0.0264451002515875 	0.0179325653361293 	0.113708197573606 	0.960154110563861 	-0.0198952034354124 	0 	0.878175546944025 	-0.0178124385906075 	-0.00312630860456242 	0.00153228842824799 	-0.00409528336577858 	0 	-0.00153220607821717 	0 	-8.23500308194795e-08 	0 	0 	0 	0 	0 	0 	0.00153675220276783 	-0.0041072136256444 	0 	-0.00153666990290812 	0 	-8.22998597056968e-08
2.28649673366009 	0.0256921586576545 	0.0174806051655872 	0.113323212945936 	0.963669406905205 	-0.0191510081115695 	0 	0.881920921164896 	-0.0170914910563732 	-0.00313376506896234 	0.00149205996800616 	-0.00380772064107442 	0 	-0.00149197582835676 	0 	-8.41396493991342e-08 	0 	0 	0 	0 	0 	0 	0.00149652594963021 	-0.00381911732365458 	0 	-0.00149644181300177 	0 	-8.41366284350065e-08
2.31685259535872 	0.0249640698268946 	0.0170727415652449 	0.112957672988086 	0.966901699812509 	-0.0184324280531813 	0 	0.885421726147536 	-0.0163958391155154 	-0.00303155539033648 	0.00145095367527071 	-0.00352776134426242 	0 	-0.00145088524727094 	0 	-6.84279997730511e-08 	0 	0 	0 	0 	0 	0 	0.00145542594340021 	-0.00353863373246704 	0 	-0.0014553575157639 	0 	-6.84276363135405e-08
2.34613573007873 	0.0242588987196565 	0.0167038811803574 	0.11261063505394 	0.969868455528311 	-0.0177379560623146 	0 	0.888673394962363 	-0.0157316281241318 	-0.00283679566964996 	0.00140896093451283 	-0.00325491943577264 	0 	-0.00140892090800514 	0 	-4.00265076933282e-08 	0 	0 	0 	0 	0 	0 	0.00141344307590063 	-0.00326527153962483 	0 	-0.00141340306504304 	0 	-4.00108575948531e-08
2.3743840462538 	0.0235750897573933 	0.016362060514952 	0.112281252662151 	0.972584696939402 	-0.017066303635562 	0 	0.891727550006926 	-0.015099608303955 	-0.00261358793639441 	0.00136623963624524 	-0.00298879790394246 	0 	-0.00136620347849917 	0 	-3.61577460789369e-08 	0 	0 	0 	0 	0 	0 	0.0013707348128665 	-0.00299862891427722 	0 	-0.0013706986628771 	0 	-3.61499893991831e-08
2.40163411269502 	0.022911371688434 	0.0160430602744972 	0.111968674350472 	0.975063325424781 	-0.0164162890161261 	0 	0.894481615668913 	-0.0145026983170886 	-0.00241989137728264 	0.00132271497764285 	-0.00272921020995188 	0 	-0.00132269243255876 	0 	-2.25450840877413e-08 	0 	0 	0 	0 	0 	0 	0.00132722604925627 	-0.00273851461605372 	0 	-0.00132720352419952 	0 	-2.25250567546318e-08
2.42792120593089 	0.0222666898124609 	0.0157453246841277 	0.111672108356445 	0.977315369002911 	-0.0157868324012044 	0 	0.896915105187289 	-0.0139364344722188 	-0.00226479607715399 	0.00127859347021547 	-0.00247588332409926 	0 	-0.00127856113788146 	0 	-3.23323340091306e-08 	0 	0 	0 	0 	0 	0 	0.00128312299539308 	-0.0024846509388627 	0 	-0.00128309068108899 	0 	-3.23143040967404e-08
2.45327935587456 	0.0216401556115669 	0.015471403800356 	0.111390737633538 	0.979350188829896 	-0.0151769856686525 	0 	0.899075427692924 	-0.013391749820812 	-0.00213742375576188 	0.00123391751699468 	-0.00222866110243389 	0 	-0.00123385885781702 	0 	-5.86591776522767e-08 	0 	0 	0 	0 	0 	0 	0.00123846782253732 	-0.00223687678239718 	0 	-0.0012384091517018 	0 	-5.86708355212159e-08
2.47774138987717 	0.0210310115335336 	0.0152164427402344 	0.111123717842815 	0.981175536228986 	-0.0145858555736758 	0 	0.900966772153317 	-0.0128652781559514 	-0.00205341707847158 	0.00118862698247629 	-0.00198745668271753 	0 	-0.0011885703772984 	0 	-5.66051778904715e-08 	0 	0 	0 	0 	0 	0 	0.00119320025671 	-0.00199509991540121 	0 	-0.00119314363531795 	0 	-5.66213920553195e-08
2.50133897522445 	0.0204386068459183 	0.0149751655141024 	0.110870331154127 	0.982797673934624 	-0.0140126042074024 	0 	0.90260601456567 	-0.0123576192753816 	-0.00202958230269357 	0.00114284995740836 	-0.00175215233466568 	0 	-0.00114282341465427 	0 	-2.65427540870582e-08 	0 	0 	0 	0 	0 	0 	0.00114744826373228 	-0.00175919700652709 	0 	-0.00114742172343892 	0 	-2.65402933618867e-08
2.52410266013155 	0.0198623798655745 	0.0147468965001624 	0.110629979171132 	0.984221522899389 	-0.0134564645088781 	0 	0.903986976093229 	-0.0118678978884506 	-0.00197625598360601 	0.00109681202783701 	-0.00152261467142616 	0 	-0.00109680761711829 	0 	-4.41071872245558e-09 	0 	0 	0 	0 	0 	0 	0.0011014373364242 	-0.0015290287570717 	0 	-0.00110143293187329 	0 	-4.40455090421936e-09
2.54606191328919 	0.0193018451533254 	0.0145326681990297 	0.110402061332121 	0.985450731982745 	-0.0129167254571278 	0 	0.905064332093418 	-0.0113959535647452 	-0.00187692575241132 	0.00105070150979372 	-0.00129871850666233 	0 	-0.00105069771801627 	0 	-3.79177744535469e-09 	0 	0 	0 	0 	0 	0 	0.00105535573546486 	-0.0013044633830783 	0 	-0.00105535193928181 	0 	-3.79618304479831e-09
2.56724516201227 	0.0187565854392714 	0.0143334430611598 	0.110185955399867 	0.986487656610465 	-0.012392710011571 	0 	0.905838723760873 	-0.0109400528287787 	-0.00175395682030944 	0.00100459608205848 	-0.00108040418187818 	0 	-0.00100459330874456 	0 	-2.7733139153415e-09 	0 	0 	0 	0 	0 	0 	0.00100928112243977 	-0.00108543366604829 	0 	-0.00100927834293582 	0 	-2.77950395248803e-09
2.58767982904046 	0.018226247773303 	0.0141471504591567 	0.109981075917198 	0.987333325475619 	-0.0118837720798672 	0 	0.906362548835969 	-0.0104961275564922 	-0.00159830540781171 	0.000958616466213314 	-0.000867576203813634 	0 	-0.000958615484302772 	0 	-9.81910542136542e-10 	0 	0 	0 	0 	0 	0 	0.000963334224766922 	-0.000871835549985719 	0 	-0.000963333242938156 	0 	-9.81828766390141e-10
2.60739236803822 	0.0177105420291934 	0.0139746642296371 	0.109786889668674 	0.987987435213212 	-0.011389301447305 	0 	0.906598680593757 	-0.0100601612859949 	-0.00141368347249797 	0.000912898292132173 	-0.000660135991721234 	0 	-0.000912898031493031 	0 	-2.60639141139189e-10 	0 	0 	0 	0 	0 	0 	0.000917650707145138 	-0.000663560757067742 	0 	-0.000917650450914822 	0 	-2.5623031641139e-10
2.62640829784037 	0.0172092414298085 	0.0138181614782371 	0.109602898122934 	0.988448308118648 	-0.0109087136561653 	0 	0.906497368481284 	-0.00963450418456326 	-0.00122253684143588 	0.000867572689616596 	-0.000457986634348792 	0 	-0.00086757254910204 	0 	-1.40514555388625e-10 	0 	0 	0 	0 	0 	0 	0.000872361774290005 	-0.000460501272742414 	0 	-0.000872361641322789 	0 	-1.32967216255701e-10
2.64475223548742 	0.0167221849180559 	0.0136753703192775 	0.109428632606476 	0.988712822192047 	-0.0104414447200496 	0 	0.906101615541978 	-0.00922467088981837 	-0.00102237541682667 	0.000822770601794811 	-0.000261028155184426 	0 	-0.00082277066408609 	0 	6.22912785475693e-11 	0 	0 	0 	0 	0 	0 	0.000827598469929542 	-0.000262544335983157 	0 	-0.000827598543045279 	0 	7.31157373126725e-11
2.66244792809357 	0.0162492811038744 	0.013540804578057 	0.109263654620312 	0.988776319561538 	-0.00998695000928039 	0 	0.905425460296635 	-0.00882933491728728 	-0.000810099240851183 	0.000778621103071615 	-6.91580356476825e-05 	0 	-0.000778621223055374 	0 	1.1998375907774e-10 	0 	0 	0 	0 	0 	0 	0.000783489991810185 	-6.95726524180526e-05 	0 	-0.00078349012522822 	0 	1.33418035645005e-10
2.67951828358848 	0.0157905136186001 	0.0134083723160399 	0.109107553493105 	0.988632490048914 	-0.00954470162044172 	0 	0.904438521227983 	-0.00844145790046439 	-0.0006088793557898 	0.000735248566762967 	0.000117728621800653 	0 	-0.000735248520428027 	0 	-4.63349405948361e-11 	0 	0 	0 	0 	0 	0 	0.000740160862363996 	0.000118535819138195 	0 	-0.000740160831351526 	0 	-3.10124698813082e-11
2.69598540037265 	0.0153459477386609 	0.0132777405181236 	0.108959943479567 	0.988273225248287 	-0.00911418616692608 	0 	0.903157846743851 	-0.00805831487673506 	-0.000399960903163667 	0.000692771692027109 	0.000299734516974308 	0 	-0.000692770839496164 	0 	-8.52530945159334e-10 	0 	0 	0 	0 	0 	0 	0.000697729951490076 	0.000301903726677779 	0 	-0.000697729113682547 	0 	-8.37807529353093e-10
2.71187059592494 	0.0149157381438451 	0.013155541400549 	0.108820460064126 	0.987688445177145 	-0.00869490439615665 	0 	0.901595856584626 	-0.00767899013397559 	-0.000152329410007095 	0.0006513016171264 	0.000476962224455025 	0 	-0.000651299527189605 	0 	-2.0899367953594e-09 	0 	0 	0 	0 	0 	0 	0.000656308590031865 	0.000480656882426853 	0 	-0.000656306511941348 	0 	-2.0780905167714e-09
2.72719443439902 	0.0145001376757745 	0.013045613120217 	0.108688760119113 	0.986865899649935 	-0.00828636825956013 	0 	0.899749865699614 	-0.00730460287313565 	0.000141440191444699 	0.000610936447164996 	0.000649517508051424 	0 	-0.000610934661428967 	0 	-1.78573602903573e-09 	0 	0 	0 	0 	0 	0 	0.000615995094734516 	0.000654928183147862 	0 	-0.000615993320317753 	0 	-1.77441676345485e-09
2.74197675324468 	0.0140995068209543 	0.0129477475446757 	0.108564524742976 	0.985790925052591 	-0.00788810054893168 	0 	0.897631871307061 	-0.00693751335722198 	0.000466784895798607 	0.000571776711974031 	0.000817490413720071 	0 	-0.000571775521803632 	0 	-1.19017039897677e-09 	0 	0 	0 	0 	0 	0 	0.000576890207853834 	0.000824839421524545 	0 	-0.000576889028609136 	0 	-1.17924469822169e-09
2.75623668888838 	0.0137143233329773 	0.0128622911071998 	0.108447453698901 	0.984446165999428 	-0.00749963872084836 	0 	0.895225463356067 	-0.00657805922955288 	0.000799972909877432 	0.00053391570221652 	0.000980963186331936 	0 	-0.000533913763863996 	0 	-1.93835252433187e-09 	0 	0 	0 	0 	0 	0 	0.000539087426430348 	0.000990509907693075 	0 	-0.000539085494749286 	0 	-1.93168106161926e-09
2.76999270150626 	0.0133451913881644 	0.0127904708265926 	0.10833725904211 	0.982811285331109 	-0.00712053373906884 	0 	0.892471619610394 	-0.00622669938356441 	0.00112628393586168 	0.000497426982750468 	0.00114001264892838 	0 	-0.000497424135467372 	0 	-2.84728309597893e-09 	0 	0 	0 	0 	0 	0 	0.000502660510053826 	0.00115205962305071 	0 	-0.000502657666573928 	0 	-2.84347989876365e-09
2.78326259892174 	0.0129928492958889 	0.0127331650819603 	0.108233667231246 	0.980862644710721 	-0.00675035081738943 	0 	0.889365290831622 	-0.00588370894672859 	0.00145723898924585 	0.000462375525592677 	0.00129469342790779 	0 	-0.000462371917759193 	0 	-3.60783348425672e-09 	0 	0 	0 	0 	0 	0 	0.000467674576759235 	0.00130959336376709 	0 	-0.000467670971072438 	0 	-3.60568679627918e-09
2.79606355965862 	0.012658174103958 	0.0126899680970357 	0.108136418160429 	0.978572957992463 	-0.00638867723361986 	0 	0.885912869074029 	-0.005548748668543 	0.00178843091575779 	0.000428818669637704 	0.0014450361218356 	0 	-0.000428814203623233 	0 	-4.46601447157928e-09 	0 	0 	0 	0 	0 	0 	0.000434187031365146 	0.00146319981403914 	0 	-0.000434182563551237 	0 	-4.46781390897014e-09
2.80841215517947 	0.012342180891512 	0.0126611661643104 	0.108045262111195 	0.97591094739549 	-0.0060351254970898 	0 	0.882053344415967 	-0.00522077592859911 	0.00209369108676661 	0.000396793820428041 	0.00159104435088542 	0 	-0.000396789954684564 	0 	-3.86574347688275e-09 	0 	0 	0 	0 	0 	0 	0.000402235233855394 	0.00161294941593072 	0 	-0.000402231365054561 	0 	-3.86880083232208e-09
2.82032437133825 	0.0120460138578531 	0.012645133010521 	0.107959961216684 	0.972841018332126 	-0.00568933978785591 	0 	0.877738250600631 	-0.00489823252039511 	0.00235865388726554 	0.000366334184078341 	0.00173268276569518 	0 	-0.000366331062997989 	0 	-3.12108035187109e-09 	0 	0 	0 	0 	0 	0 	0.000371852160574546 	0.00175888308093519 	0 	-0.000371849035413448 	0 	-3.12516109824111e-09
2.8318156290747 	0.0117709252838428 	0.0126387777724173 	0.107880287081365 	0.96932298149582 	-0.00535100990706659 	0 	0.872957085706658 	-0.00458039327224558 	0.00256943344821336 	0.000337461884031181 	0.00186986923693361 	0 	-0.000337458234726762 	0 	-3.64930441909502e-09 	0 	0 	0 	0 	0 	0 	0.000343059463862812 	0.00190100477976312 	0 	-0.000343055813323189 	0 	-3.65053962276895e-09
2.84290080437757 	0.0115182378637184 	0.0126410882350561 	0.107806018444746 	0.965311871617439 	-0.00501987775383373 	0 	0.867709583188207 	-0.00426758796679813 	0.0027427596579286 	0.000310177763370577 	0.00200246942831719 	0 	-0.000310172440691556 	0 	-5.32267902046108e-09 	0 	0 	0 	0 	0 	0 	0.000315857187638308 	0.00203927607351684 	0 	-0.00031585187241936 	0 	-5.31521894778046e-09
2.85359424754223 	0.0112892855072728 	0.012652873248101 	0.107736935673077 	0.960757904638469 	-0.00469575799329221 	0 	0.861963779468928 	-0.00395931091917294 	0.00290805844412374 	0.000284479278984023 	0.00213028156857989 	0 	-0.000284468135208628 	0 	-1.11437753949863e-08 	0 	0 	0 	0 	0 	0 	0.00029024155453594 	0.00217360027038182 	0 	-0.000290230414021295 	0 	-1.11405146451542e-08
2.86390980174789 	0.011085327838598 	0.0126770808643768 	0.107672810706854 	0.955606627587709 	-0.0043785554393146 	0 	0.85569085516305 	-0.00365592835516059 	0.00306675762624535 	0.000260324194455246 	0.0022530358000212 	0 	-0.000260305030883431 	0 	-1.91635718152422e-08 	0 	0 	0 	0 	0 	0 	0.000266168611707148 	0.00230382043393558 	0 	-0.00026614943779581 	0 	-1.91739113381103e-08
2.87386082097819 	0.0109074356514816 	0.012716758971125 	0.107613412037689 	0.949799305588931 	-0.00406827363732365 	0 	0.848878567283443 	-0.00335705985372313 	0.00323528925430819 	0.000237649635896652 	0.00237038687893097 	0 	-0.000237627926754899 	0 	-2.17091417532401e-08 	0 	0 	0 	0 	0 	0 	0.000243573209885292 	0.00242971006121595 	0 	-0.000243551485927003 	0 	-2.17239582884211e-08
2.88346018730867 	0.0107563474032967 	0.0127721350572547 	0.107558516676892 	0.943273559756858 	-0.00376503453036144 	0 	0.841473037032512 	-0.00306410079348992 	0.00340097279401885 	0.000216396083510278 	0.00248190703873788 	0 	-0.000216379480850768 	0 	-1.66026595095009e-08 	0 	0 	0 	0 	0 	0 	0.000222392940336048 	0.00255096337599948 	0 	-0.000222376334712107 	0 	-1.66056239400992e-08
2.89272032758315 	0.0106323018800413 	0.0128404434255509 	0.107507911011511 	0.935964250763865 	-0.00346909103212821 	0 	0.83349779130774 	-0.00277958621533673 	0.00354549764929544 	0.000196514886845175 	0.00258708841049153 	0 	-0.000196501345981228 	0 	-1.35408639460614e-08 	0 	0 	0 	0 	0 	0 	0.000202575665087898 	0.00266719502745273 	0 	-0.000202562137370958 	0 	-1.35277169396571e-08
2.90165322950093 	0.0105348587829528 	0.0129172557188972 	0.107461379621465 	0.927804533032058 	-0.00318083816923533 	0 	0.824953017564191 	-0.00250470512956741 	0.00366899634347295 	0.000177945013021505 	0.00268535386519747 	0 	-0.000177929968039366 	0 	-1.50449821394944e-08 	0 	0 	0 	0 	0 	0 	0.000184056370885752 	0.00277794899783643 	0 	-0.000184041330093626 	0 	-1.50407921261128e-08
2.91027045713544 	0.01046272643374 	0.012996701667304 	0.107418694410522 	0.918726902320153 	-0.00290080853775846 	0 	0.81576265988205 	-0.00224048222497068 	0.00377077063748738 	0.000160600331054385 	0.00277606846615711 	0 	-0.000160582218531462 	0 	-1.81125229234628e-08 	0 	0 	0 	0 	0 	0 	0.000166744676867187 	0.00288271015615444 	0 	-0.000166726526895127 	0 	-1.81499720606035e-08
2.9185831659045 	0.0104136203581919 	0.013075819170537 	0.107379621248333 	0.908663989850887 	-0.00262965170552163 	0 	0.80592963125931 	-0.00198494271316143 	0.0038575138383367 	0.000144391528665931 	0.00285855084261943 	0 	-0.000144372534105073 	0 	-1.89945608574455e-08 	0 	0 	0 	0 	0 	0 	0.000150547049953481 	0.00298091922293139 	0 	-0.000150528015215262 	0 	-1.90347382182607e-08
2.92660211701151 	0.0103841757124358 	0.0131530916374928 	0.107343941031089 	0.897548779239595 	-0.00236809469873467 	0 	0.795430021725491 	-0.00174000859719012 	0.00392995597174274 	0.000129233928374879 	0.00293208684830318 	0 	-0.000129216421748864 	0 	-1.75066260148709e-08 	0 	0 	0 	0 	0 	0 	0.000135374718487642 	0.00307199519207573 	0 	-0.00013535720300924 	0 	-1.75154784026077e-08
2.93433769137638 	0.0103699286497614 	0.0132238039276901 	0.10731144644056 	0.885313858299729 	-0.00211694410072419 	0 	0.784259694697148 	-0.00150767102025145 	0.00398133651621364 	0.000115089390372928 	0.00299593495111517 	0 	-0.000115060136352599 	0 	-2.92540203285009e-08 	0 	0 	0 	0 	0 	0 	0.000121185731858016 	0.00315535619205938 	0 	-0.000121156406561142 	0 	-2.93252968731578e-08
2.94179990307414 	0.0103653663273084 	0.0132809809208955 	0.107281923282982 	0.871889326666637 	-0.00187704775224459 	0 	0.772382637552508 	-0.00128803026432779 	0.00400524954842195 	0.000101852845523913 	0.00304932777784774 	0 	-0.000101816329270556 	0 	-3.65162533565899e-08 	0 	0 	0 	0 	0 	0 	0.000107871915257936 	0.0032304447808355 	0 	-0.000107835246178106 	0 	-3.6669079830702e-08
2.94899841229863 	0.0103640338963002 	0.0133229836595851 	0.107255171369206 	0.857198961946018 	-0.00164921741387981 	0 	0.759765600781883 	-0.00108210857158795 	0.00397106707455984 	8.94422353480339e-05 	0.00309145031198442 	0 	-8.94078747719394e-05 	0 	-3.43605760944558e-08 	0 	0 	0 	0 	0 	0 	9.53486671020798e-05 	0.00329674042147295 	0 	-9.53142036995822e-05 	0 	-3.44634024975804e-08
2.95594253786806 	0.0103586646690773 	0.0133530971614109 	0.107231025737597 	0.841154183009108 	-0.00143423415189938 	0 	0.746312195248917 	-0.000890107853018083 	0.00386580069947266 	7.78362544788586e-05 	0.00312140712195774 	0 	-7.7789204856517e-05 	0 	-4.70496223415549e-08 	0 	0 	0 	0 	0 	0 	8.35922784603478e-05 	0.00335377503951079 	0 	-8.3545125796228e-05 	0 	-4.71526641197176e-08
2.96264126928874 	0.0103412944711179 	0.013373207922984 	0.107209328952653 	0.823645203724489 	-0.00123287412672481 	0 	0.732031605115684 	-0.000714161698293726 	0.00372232414924617 	6.6997195848944e-05 	0.00313818456747137 	0 	-6.69164557959297e-05 	0 	-8.07400530143984e-08 	0 	0 	0 	0 	0 	0 	7.25628870646849e-05 	0.00340116426802139 	0 	-7.24814203942627e-05 	0 	-8.14666704221805e-08
2.96910327839237 	0.010303324813965 	0.0133803156275355 	0.107189922025564 	0.804528367570492 	-0.00104591053015507 	0 	0.716855592801035 	-0.00055741922470268 	0.00355815585655159 	5.68831614035017e-05 	0.00314058311489962 	0 	-5.67538884271114e-05 	0 	-1.29272976390227e-07 	0 	0 	0 	0 	0 	0 	6.2217407560645e-05 	0.00343864184385219 	0 	-6.20854668059513e-05 	0 	-1.3194075469368e-07
2.97533693056215 	0.0102355003050292 	0.0133698134228453 	0.107172781639378 	0.783607965482157 	-0.00087405094418038 	0 	0.700685954983946 	-0.000420426182119029 	0.00339556860521874 	4.76537185665057e-05 	0.0031270973124517 	0 	-4.75225630610558e-05 	0 	-1.31155505449947e-07 	0 	0 	0 	0 	0 	0 	5.27252292523087e-05 	0.00346609559324123 	0 	-5.25968312677677e-05 	0 	-1.28397984540981e-07
2.98135029556221 	0.0101277594354934 	0.0133370588710119 	0.107158370893233 	0.76060974020609 	-0.000716127282732001 	0 	0.683200617629824 	-0.000301288843219087 	0.00326415472855083 	3.94394926174179e-05 	0.00309570825632649 	0 	-3.94721686413673e-05 	0 	3.26760239493374e-08 	0 	0 	0 	0 	0 	0 	4.42363239835696e-05 	0.0034836062497109 	0 	-4.43011166196253e-05 	0 	6.47926360556649e-08
2.98715115798429 	0.00996899064905798 	0.0132808603160698 	0.107146527486458 	0.735141255385363 	-0.000569509968636169 	0 	0.664143858221062 	-0.000200351158529403 	0.00313696451429551 	3.23732663177239e-05 	0.00304346480312151 	0 	-3.23110131277398e-05 	0 	-6.22531899840895e-08 	0 	0 	0 	0 	0 	0 	3.68482712873707e-05 	0.00349142597961923 	0 	-3.68330124344205e-05 	0 	-1.52588529502669e-08
2.99274702732526 	0.00974685952294206 	0.0131998827032896 	0.107132026271189 	0.706631343300082 	-0.000439759008970271 	0 	0.643172696390543 	-0.000121206329131808 	0.00301034339701668 	2.10842963705869e-05 	0.00296561642704727 	0 	-1.6114338902583e-05 	0 	-4.96995746800394e-06 	0 	0 	0 	0 	0 	0 	2.42727789061032e-05 	0.00348973960892562 	0 	-1.84314414975796e-05 	0 	-5.84133740852365e-06
2.99814514770852 	0.00944911347717826 	0.013079744493689 	0.107104314011663 	0.674237756309687 	-0.00047920361090481 	0 	0.619452664185336 	-6.14542816278089e-05 	0.00289276547496584 	2.85507683590442e-05 	0.00285446007675347 	0 	-1.28266184519003e-05 	0 	-1.57241499071439e-05 	0 	0 	0 	0 	0 	0 	2.98522756972259e-05 	0.00347853097690666 	0 	-1.17742714719094e-05 	0 	-1.80780042253165e-05
3.00335250726192 	0.00906512403321717 	0.0129076754203617 	0.107151197740527 	0.636704825436589 	-0.000627226213052129 	0 	0.592111525996669 	-1.7190651509432e-05 	0.00273666356341925 	8.25355739547329e-05 	0.00269656722754549 	0 	-7.92735236764944e-05 	0 	-3.26205027823855e-06 	0 	0 	0 	0 	0 	0 	8.98560589204154e-05 	0.00345627644752046 	0 	-9.07186243953835e-05 	0 	8.62565474968054e-07
