0.999508792504825 	1e-15 	1e-15 	-0.18127099514455 	0 	0 	0 	0 	0 	0 	1.23658276921606e-18 	-3.21292948028284e-17 	2.08658954804098e-36 	-7.34955712358436e-19 	-8.68297929421429e-35 	-5.01627056857625e-19 	0 	0 	0 	0 	0 	0 	-0.000365221916242866 	-0.00593416951200247 	-2.18594951149823e-21 	0.000419623801006191 	-1.61069938495295e-20 	-5.44018847633253e-05
1.00342123538048 	0.00166989146915751 	0.0212843632472253 	-0.180990553308209 	0.247498999997023 	-0.00718497692742839 	1.66525940130657e-19 	0.119005323060529 	-0.00642351698173969 	-0.000346427896085995 	0.000110716521236749 	-0.000237325423907473 	7.3286215165205e-21 	-8.66570294542229e-05 	-2.13146631995482e-21 	-2.40594917825258e-05 	0 	0 	0 	0 	0 	0 	-0.000151288838265811 	-0.00571716647942908 	1.55709245413852e-19 	0.000166935967721178 	1.15575619776953e-21 	-1.56471294553675e-05
1.00747700722161 	0.00858551601294451 	0.0452950923649429 	-0.179977829902293 	0.465631181564584 	-0.010320569208796 	-1.04387036080392e-19 	0.298902654629656 	-0.0165443985813489 	-0.000872561438666618 	0.00100176460420679 	-0.00185589268051803 	-5.30085426381367e-20 	-0.000788829510428415 	3.30148128389337e-20 	-0.000212935093778371 	0 	0 	0 	0 	0 	0 	0.000847722688219675 	-0.00604713651315964 	1.34386165048943e-21 	-0.000648921873557775 	3.77046320274015e-20 	-0.0001988008146619
1.01168135894439 	0.0182007477291945 	0.0606081612242657 	-0.178208551434759 	0.613978551556374 	-0.0126768074886188 	-1.71368267020948e-19 	0.468836312685505 	-0.026246000777768 	-0.00138130581117863 	0.00281064835735222 	-0.00419618347984063 	-5.47457816859724e-20 	-0.00219044434094168 	3.47755009219101e-20 	-0.000620204016410543 	0 	0 	0 	0 	0 	0 	0.00273934994851995 	-0.00677937330109032 	-1.47888324954284e-19 	-0.0021091722875308 	3.33314292103396e-20 	-0.000630177660989154
1.01603973384849 	0.0253958121632923 	0.0694796427304422 	-0.176422240117623 	0.70028430009182 	-0.0144481420230532 	-1.07808919233751e-19 	0.616546967866225 	-0.033561015903746 	-0.00175012379702215 	0.00419142656690119 	-0.00536263035347736 	2.06330539922082e-20 	-0.00325158473669919 	-6.08042894883973e-21 	-0.000939841830201993 	0 	0 	0 	0 	0 	0 	0.00418325704310431 	-0.00682356932248116 	2.3968438559726e-20 	-0.00323086930994692 	-8.26361283061718e-21 	-0.000952387733157391
1.02055777466669 	0.0307156792335789 	0.0735072083685283 	-0.175333339302037 	0.752947743191965 	-0.014169042872718 	2.1120967401795e-20 	0.742013047102472 	-0.038061971397583 	-0.00211730497839362 	0.00435569357600762 	-0.00551782557981481 	-8.79868952636829e-21 	-0.00344168424466849 	-1.11490816170087e-20 	-0.00091400933133913 	0 	0 	0 	0 	0 	0 	0.00438878738268107 	-0.00638819519198565 	-1.03837925384784e-20 	-0.00347390870182905 	-1.25745501887653e-20 	-0.000914878680852024
1.02524133087295 	0.0352584803522546 	0.0731496843081972 	-0.17475081574611 	0.787433434712948 	-0.012881006290261 	3.95769955376031e-20 	0.842279166957807 	-0.0399098839412353 	-0.00246603569868006 	0.0038651205203306 	-0.00528131053340851 	-7.84446809014867e-17 	-0.00311825122879877 	1.39465874667734e-16 	-0.000746869291531837 	0 	0 	0 	0 	0 	0 	0.00391389130490158 	-0.00582972291927912 	-7.79161565713326e-17 	-0.00316941510454352 	1.5119464330199e-16 	-0.000744476200358053
1.03009646625831 	0.0394189134516118 	0.0700091112692884 	-0.174131668410304 	0.811059508107898 	-0.0114537959354626 	-1.23106356648544e-15 	0.917706439558715 	-0.0396751187139501 	-0.00268696193660668 	0.00337386814926243 	-0.00484808761832252 	2.01688744973781e-15 	-0.00274967646811384 	4.49922863761374e-17 	-0.000624191681148585 	0 	0 	0 	0 	0 	0 	0.00342644480562497 	-0.00520650019147303 	2.13798615720383e-15 	-0.00280334301970074 	4.4994672983439e-17 	-0.000623101785924234
1.03512946678459 	0.0433123049253476 	0.065953273836093 	-0.173185211223925 	0.827950406751367 	-0.01000752193279 	-2.34759509640068e-16 	0.972473582749726 	-0.0380200424324429 	-0.00278455237607861 	0.00311850363187489 	-0.00432178987152767 	-3.76620002396485e-16 	-0.00258497731136244 	-3.86472312231929e-16 	-0.000533526320512448 	0 	0 	0 	0 	0 	0 	0.00317180952584158 	-0.00456442997999251 	-3.7315178703158e-16 	-0.00263842777764616 	-4.06957657605137e-16 	-0.000533381748195417
1.04034684872592 	0.0469722833247364 	0.0621633203431841 	-0.171904324679171 	0.840597618419354 	-0.0085379090686493 	9.95486075202029e-16 	1.01145460778918 	-0.0355242174210713 	-0.00282368493516626 	0.00317400169753763 	-0.00374906882821145 	-2.55982144101829e-15 	-0.00269155801837823 	-5.27757395799156e-17 	-0.000482443679159406 	0 	0 	0 	0 	0 	0 	0.00322682964963581 	-0.0039194581217138 	-2.67644134564851e-15 	-0.0027440737218035 	-5.27035550951856e-17 	-0.000482755927832312
1.04575536710875 	0.0504109937372259 	0.0590927130408656 	-0.170432353796486 	0.850488170707347 	-0.00706409548568222 	-1.2876453346134e-21 	1.03880481409813 	-0.0326117903638524 	-0.0028703136263335 	0.00334914798232717 	-0.00317948827721446 	-8.94088103369343e-17 	-0.0029196501369076 	2.39046173916259e-16 	-0.000429497845419573 	0 	0 	0 	0 	0 	0 	0.00340112662926398 	-0.00330283630180903 	-8.90125539942042e-17 	-0.00297131278024274 	2.47879725293809e-16 	-0.000429813849021248
1.05136202446133 	0.0536396704052974 	0.0567698258112152 	-0.168859429984389 	0.85848796952832 	-0.0055352058282062 	-3.77494500537637e-22 	1.0577504671875 	-0.0295290997083485 	-0.00292701931158885 	0.00350237158021788 	-0.00264305108405385 	1.35612866063636e-21 	-0.00313011448034572 	4.51502367616786e-23 	-0.000372257099872167 	0 	0 	0 	0 	0 	0 	0.00355341577616894 	-0.00273455471082592 	1.32598744841784e-21 	-0.00318115830765074 	2.48710967034645e-23 	-0.000372257468518203
1.05717407988385 	0.0566719687095566 	0.055062756747102 	-0.167161896512341 	0.865181877520371 	-0.00397088796454389 	-9.84867334677172e-23 	1.07071130751 	-0.0264287993342371 	-0.00295692194814918 	0.00379583433409898 	-0.00208769639694384 	-6.22312053125322e-22 	-0.00346064840249019 	1.3655062190286e-21 	-0.000335185931608791 	0 	0 	0 	0 	0 	0 	0.00384539038234722 	-0.00215737945582245 	-6.23553285156711e-22 	-0.00351017274195497 	1.41339800172536e-21 	-0.000335217640392254
1.06319905845132 	0.0595197164748798 	0.0538090441520052 	-0.165382448778312 	0.870975577405617 	-0.00242849065560462 	-6.99332412204718e-21 	1.07942089775957 	-0.0233978214480163 	-0.00297037443496987 	0.00408987595949839 	-0.00155895658989876 	6.11822630125472e-20 	-0.00378807867555238 	9.19310384473603e-21 	-0.000301797283946009 	0 	0 	0 	0 	0 	0 	0.0041378098712329 	-0.00161302013616587 	6.25732363344884e-20 	-0.00383584608848231 	9.2156683896887e-21 	-0.000301963782750592
1.06944476096092 	0.0621942067021868 	0.0528622486914463 	-0.163598809686492 	0.876080329663459 	-0.000872442684476855 	-1.21882806187352e-20 	1.08505407260951 	-0.020467065437483 	-0.00300347373888831 	0.00428656638060735 	-0.00107281834776249 	1.46164478423358e-19 	-0.00402164506975325 	9.35595120099375e-22 	-0.000264921310854103 	0 	0 	0 	0 	0 	0 	0.00433321158420156 	-0.00111489797655268 	1.48924361818399e-19 	-0.00406822107633512 	8.26620010599607e-22 	-0.000264990507866447
1.075919274037 	0.0647065572019833 	0.0521071192707025 	-0.161784460060861 	0.880635749112837 	0.000709797271948935 	-4.9401308108473e-22 	1.08843588763164 	-0.0176411001473859 	-0.00307522365469124 	0.00448204280245693 	-0.00058646195249946 	-3.38111074171729e-21 	-0.00424560011945285 	-8.61692162915708e-21 	-0.00023644268300408 	0 	0 	0 	0 	0 	0 	0.00452747945210216 	-0.000619220660035087 	-3.35524493836657e-21 	-0.00429102686217145 	-8.77783394569471e-21 	-0.00023645258993071
1.0826309806065 	0.0670665519007178 	0.0514673608249249 	-0.159885329005259 	0.884766489590147 	0.00230375081461985 	1.00514305562484e-20 	1.09016253353667 	-0.0149138478565559 	-0.00317024837544735 	0.004692174708483 	-0.000117035253413178 	-1.25090841618871e-17 	-0.00447806024050713 	8.99745111661191e-19 	-0.000214114467975872 	0 	0 	0 	0 	0 	0 	0.00473642589598208 	-0.000142632829555743 	-1.26257656355758e-17 	-0.0045222821049996 	8.99761098201403e-19 	-0.000214143790982477
1.08958857075842 	0.0692826311032755 	0.0508914337769398 	-0.1578848565724 	0.888575053478761 	0.00391348800069319 	4.48023013920224e-21 	1.0906820484979 	-0.0122742014911381 	-0.00326737857926344 	0.00493382234001317 	0.000354581563892196 	5.2282509394036e-19 	-0.00473897253561337 	7.05541847658372e-20 	-0.000194849804399804 	0 	0 	0 	0 	0 	0 	0.00497701589168466 	0.0003344539234803 	5.13869046448995e-19 	-0.00478213460374054 	7.06457479547044e-20 	-0.000194881287944118
1.09680105300161 	0.0713618803890779 	0.0503433019033684 	-0.155781193651144 	0.892144502278761 	0.00554498333817835 	-3.96195841921208e-21 	1.09035316087711 	-0.00970271463638393 	-0.00336044052804697 	0.00520402733354952 	0.000816563124930647 	1.30505224134661e-17 	-0.00502688035749261 	-8.35812347365869e-19 	-0.000177146976056911 	0 	0 	0 	0 	0 	0 	0.00524629518909545 	0.00080061136716617 	1.31579668679471e-17 	-0.0050691172958208 	-8.35735407978045e-19 	-0.000177177893274648
1.10427776593539 	0.0733102831969421 	0.0498035459095936 	-0.153581830537407 	0.895539052364788 	0.00720132430144736 	-7.4700952679067e-21 	1.0894171602577 	-0.00718119027138302 	-0.00345262366408789 	0.00549643650220243 	0.00128039071372271 	2.28927936505819e-19 	-0.00533380628084994 	-2.54511783141893e-21 	-0.000162630221352494 	0 	0 	0 	0 	0 	0 	0.00553784705895167 	0.00126760380487447 	2.31292582839911e-19 	-0.00537518283520157 	-2.53870291642095e-21 	-0.000162664223750099
1.11202839034815 	0.0751328585199635 	0.0492606686698432 	-0.151298982869177 	0.898815866243413 	0.00888335120337586 	-3.76058433088314e-21 	1.08801759652137 	-0.00470111695871288 	-0.00355665504569951 	0.00580040672022907 	0.00174889140589996 	1.03704308109364e-19 	-0.00564948625197256 	-4.55403008990409e-21 	-0.000150920468256505 	0 	0 	0 	0 	0 	0 	0.00584095039626487 	0.0017385075440711 	1.04892752520934e-19 	-0.00569000105624898 	-4.66273710388083e-21 	-0.00015094934001589
1.12006296175959 	0.0768338142105195 	0.0487033816571945 	-0.14893662782261 	0.902013036363374 	0.0105900404350878 	6.54228983978496e-21 	1.08625804968961 	-0.00226385029385909 	-0.00367988166717296 	0.00610085669321181 	0.002206446038468 	-2.37676531054642e-19 	-0.00596322597002262 	-5.55344857135065e-21 	-0.000137630723189185 	0 	0 	0 	0 	0 	0 	0.00614051209307385 	0.00219796749357161 	-2.39885437174574e-19 	-0.0060028585007581 	-5.56403530111501e-21 	-0.000137653592315747
1.12839188342313 	0.0784167535679922 	0.0481250562965452 	-0.146493541862415 	0.905154266645473 	0.012319933694286 	4.12339433464671e-22 	1.08421282358971 	0.000131550313709206 	-0.00381084888252596 	0.00639591798201982 	0.00266729775345072 	8.54040346733849e-21 	-0.00627282785814285 	8.22256496940516e-21 	-0.000123090123876979 	0 	0 	0 	0 	0 	0 	0.00643467682327746 	0.00266037473282601 	8.48742619244313e-21 	-0.0063115669553663 	8.30071786199404e-21 	-0.00012310986791116
1.13702593980515 	0.0798846757805502 	0.047527363143377 	-0.143970012917803 	0.908259133258662 	0.0140722394599304 	-6.25704924460791e-21 	1.08193170135688 	0.00249118572907451 	-0.00393804452357452 	0.00668126312230084 	0.003125559915994 	2.32753808860233e-19 	-0.00657451869031972 	6.24995662567421e-21 	-0.000106744431981117 	0 	0 	0 	0 	0 	0 	0.00671911593898369 	0.00311991658447782 	2.34919844535504e-19 	-0.00661235362313331 	6.18731205715326e-21 	-0.00010676231585038
1.14597631055859 	0.081240038378857 	0.0469177490352355 	-0.141369821684618 	0.911342986773175 	0.0158453523893816 	5.68238282555298e-21 	1.07946047727297 	0.00481955892121582 	-0.0040663635139995 	0.00695227517192311 	0.00358664169911568 	-2.49434287700536e-19 	-0.00686262317775059 	-1.42959187055152e-20 	-8.96519941725217e-05 	0 	0 	0 	0 	0 	0 	0.00698919895051248 	0.00358206214499273 	-2.51482281628254e-19 	-0.00689953007557041 	-1.43034295743612e-20 	-8.96688749420673e-05
1.15525458500932 	0.0824847862641599 	0.0463066566974987 	-0.138699380520185 	0.914418276295243 	0.0176369763753133 	4.47084432536359e-22 	1.07685519240174 	0.00711584920397084 	-0.00420103798601464 	0.00719976111037938 	0.00404590119332882 	2.41676199786598e-20 	-0.00712883051508691 	-9.04650393643894e-22 	-7.09305952924663e-05 	0 	0 	0 	0 	0 	0 	0.00723571682146575 	0.00404223216868864 	2.40801809370844e-20 	-0.00716477134108872 	-8.43216910213928e-22 	-7.09454803770257e-05
1.16487277717375 	0.0836204175903614 	0.0457016558173991 	-0.135964970663354 	0.917491081309645 	0.0194438317730386 	-4.23245760633885e-22 	1.07414759565164 	0.00937720908774949 	-0.00434179484999204 	0.00741349214074 	0.00449818910304903 	-2.13914343030759e-20 	-0.00736395502849557 	3.26978523730026e-21 	-4.95371122444317e-05 	0 	0 	0 	0 	0 	0 	0.0074484320184636 	0.00449534120890473 	-2.12899609468701e-20 	-0.00739888151262953 	3.23316159293043e-21 	-4.95505058340756e-05
1.17484334132757 	0.0846480454501787 	0.0451041692761962 	-0.133173677941716 	0.920562938263515 	0.0212618173043156 	2.46840348261472e-21 	1.07135031858437 	0.0115995448795091 	-0.00448978453644437 	0.00758464693768174 	0.00494172441865505 	-1.47176924152215e-19 	-0.00755935757946313 	1.09707208305807e-21 	-2.52893582186121e-05 	0 	0 	0 	0 	0 	0 	0.00761851504267962 	0.00493964735224023 	-1.48136338131735e-19 	-0.00759321324348021 	1.08954364016707e-21 	-2.53017991994106e-05
1.18517918814561 	0.0855684379350326 	0.0445120798848797 	-0.130333642587703 	0.923632501640793 	0.0230859963454939 	-2.29065311980384e-21 	1.06847019717308 	0.0137764819595264 	-0.00465133559320956 	0.00770390161592425 	0.0053711782928207 	1.50763886369527e-19 	-0.00770599745376156 	4.35080657734481e-21 	2.09583783730623e-06 	0 	0 	0 	0 	0 	0 	0.00773663418351992 	0.00536984881290826 	1.51660746793098e-19 	-0.00773871845902026 	4.38814190550183e-21 	2.08427550034177e-06
1.19589370143393 	0.0863820631425131 	0.0439238062408551 	-0.127453149670273 	0.926695267858482 	0.0249105773290056 	-2.21034391203466e-21 	1.06549602062641 	0.0159010798059301 	-0.00482142614941382 	0.00776229393800614 	0.00578068849975991 	1.48131473293938e-19 	-0.00779524035897224 	9.80883409137217e-21 	3.29464209661029e-05 	0 	0 	0 	0 	0 	0 	0.00779382262828961 	0.00578010555880195 	1.49027305082712e-19 	-0.0078267582722943 	9.8092328079284e-21 	3.29356440046879e-05
1.20700075547595 	0.0870891304099274 	0.0433429683906806 	-0.124540125527196 	0.929744033868384 	0.0267290271282697 	-2.14405525268767e-21 	1.06242545860542 	0.0179675036469316 	-0.00494827192988295 	0.00775232925526791 	0.00616405007341415 	1.48400719933647e-19 	-0.00781968114745548 	9.34778895465979e-21 	6.73518921875695e-05 	0 	0 	0 	0 	0 	0 	0.00778258399678108 	0.006164225875574 	1.49293758288099e-19 	-0.00784992568871369 	9.34171366150841e-21 	6.73416919326108e-05
1.21851473301511 	0.0876896264975007 	0.0427803724042554 	-0.121602014671871 	0.932769691942549 	0.0285341215153529 	1.01174755514255e-22 	1.05927210055904 	0.0199725774403774 	-0.00497462156490394 	0.00766837422737632 	0.00651484812555911 	3.40983728900351e-21 	-0.00777346580861736 	-1.54171700672088e-21 	0.000105091581241038 	0 	0 	0 	0 	0 	0 	0.00769728483704822 	0.00651579944993009 	3.41837460380115e-21 	-0.00780236664032458 	-1.55423813990335e-21 	0.000105081803276351
1.23045054389754 	0.0881833487216926 	0.0422475032335285 	-0.118645433490899 	0.93576198860071 	0.0303180228247771 	2.03240836100908e-21 	1.0560488681809 	0.0219109116532524 	-0.00490045561142926 	0.00750688679225952 	0.00682639531713711 	-1.57632051676197e-19 	-0.00765260205410158 	-1.02996738756216e-20 	0.000145715261842064 	0 	0 	0 	0 	0 	0 	0.00753438457725929 	0.0068281370208212 	-1.58440483069263e-19 	-0.00768009050365994 	-1.03030872795771e-20 	0.000145705926400654
1.24282364439901 	0.0885699366842534 	0.0417522639907948 	-0.115675588522591 	0.938710119761718 	0.0320723504767836 	9.43845865109689e-23 	1.05274850180181 	0.0237773164313217 	-0.00474576948710976 	0.0072669052040536 	0.00709229977941562 	5.73033430367854e-21 	-0.007455416602503 	1.75561059216068e-21 	0.000188511398449398 	0 	0 	0 	0 	0 	0 	0.00729292535910287 	0.00709483978142317 	5.72059633561436e-21 	-0.00748142789380271 	1.7642331050782e-21 	0.000188502534699837
1.2556500572613 	0.0888489017551322 	0.0412946729782508 	-0.112696011846677 	0.941603403151151 	0.0337883295827663 	8.3319692423572e-22 	1.04938535926218 	0.025570992152365 	-0.00450568267550935 	0.00695032705624915 	0.00730685919299108 	-8.87442962968093e-20 	-0.00718287162313714 	-2.30064677685055e-21 	0.000232544566887991 	0 	0 	0 	0 	0 	0 	0.00697481098676564 	0.00731019410559116 	-8.90791819049078e-20 	-0.00720734721359509 	-2.31551445991633e-21 	0.000232536226829446
1.26894639246421 	0.0890196546850893 	0.0408684191274392 	-0.109708510742996 	0.944431974649289 	0.035456946528105 	1.06016380554969e-21 	1.04601414791841 	0.0272885268128401 	-0.00418674954329267 	0.0065618401924993 	0.00746530578232565 	-8.01013585657494e-20 	-0.00683853495683284 	-5.86795792626582e-21 	0.000276694764333547 	0 	0 	0 	0 	0 	0 	0.00658473752407583 	0.00746941770927088 	-8.05404815774441e-20 	-0.00686142454793449 	-5.85682605591334e-21 	0.000276687023858665
1.28272986876017 	0.089081532609415 	0.0404629487765698 	-0.10671330495304 	0.947187403663834 	0.0370691096277838 	-1.64179115397187e-21 	1.04267902515434 	0.0289225970941256 	-0.00381675890581777 	0.00610860013611942 	0.00756401645794176 	1.73502089230995e-19 	-0.00642832998779552 	7.85266131417967e-21 	0.000319729851676104 	0 	0 	0 	0 	0 	0 	0.00612987046276269 	0.0075688713080822 	1.74201503904283e-19 	-0.00644959324972045 	7.88561116779244e-21 	0.000319722786957764
1.29701833599963 	0.0890338265432852 	0.0400668423468564 	-0.103709353034758 	0.949863179276187 	0.0386158174003231 	-1.61471541725864e-21 	1.03938202663605 	0.0304673041076143 	-0.00341336047038861 	0.00559970415374712 	0.00760063999559502 	1.79482229250044e-19 	-0.00596010495374097 	6.98236070720741e-21 	0.000360400799993853 	0 	0 	0 	0 	0 	0 	0.00561931838832296 	0.00760618729206206 	1.80195995392297e-19 	-0.0059797128661375 	6.98492508663003e-21 	0.000360394477814534
1.31183029827623 	0.0888758103198297 	0.0396829352391947 	-0.100694797073822 	0.952455039145249 	0.040088318381693 	2.40876319765679e-21 	1.03604544107433 	0.0319186525471911 	-0.00299228373561752 	0.00504553983881314 	0.00757413557910614 	-2.72227739864622e-19 	-0.00544307235599082 	-1.58836263758513e-20 	0.000397532517177686 	0 	0 	0 	0 	0 	0 	0.00506348105882186 	0.00758030960218191 	-2.7321523690054e-19 	-0.00546100804445388 	-1.59293374889849e-20 	0.000397526985632019
1.32718493792227 	0.08860677161996 	0.0393235331096168 	-0.0976674546355122 	0.954961132293142 	0.0414782508845445 	4.71431651891224e-21 	1.03260873077232 	0.0332722824870787 	-0.00259739504202065 	0.0044571077339343 	0.00748470018888388 	-5.47667873317833e-19 	-0.00488720572846012 	-2.36145747296046e-20 	0.000430097994525818 	0 	0 	0 	0 	0 	0 	0.00447337146016148 	0.00749142213140453 	-5.49679152881466e-19 	-0.0049034647379805 	-2.36620048101084e-20 	0.000430093277819025
1.3431021403853 	0.0882260454428754 	0.0389967315546858 	-0.0946252794323404 	0.957382029658101 	0.0427777528774094 	-8.77377072409125e-23 	1.0291341108668 	0.034520789010833 	-0.00226307172350074 	0.00384542365763935 	0.00733364155121182 	-3.65884983287872e-21 	-0.00430269296766734 	4.46868719322426e-21 	0.000457269310027991 	0 	0 	0 	0 	0 	0 	0.00386001761637379 	0.00734082230727739 	-3.67682413269843e-21 	-0.00431728302802113 	4.48618005080779e-21 	0.000457265411647345
1.35960252001893 	0.0877330500156763 	0.0386988616164485 	-0.0915667139969016 	0.95972061327271 	0.0439795462838115 	-2.29191985706945e-21 	1.02572749592183 	0.0356646181793073 	-0.00192884308030906 	0.00322103076890857 	0.00712324519738596 	2.82788354832039e-19 	-0.00369947737039577 	9.12882124419588e-21 	0.000478446601487195 	0 	0 	0 	0 	0 	0 	0.00323397424863759 	0.00713078851582606 	2.8371441046137e-19 	-0.0037124177561977 	9.15973035598082e-21 	0.000478443507560109
1.3767074468211 	0.0871273247574538 	0.0384208811771409 	-0.088490903029991 	0.961981850540178 	0.0450769916583184 	-1.53495593089801e-21 	1.02243722821804 	0.0367107845999657 	-0.00151306997398866 	0.00259376469429054 	0.00685651251338537 	1.91257815313857e-19 	-0.00308702446706922 	1.7366971819843e-21 	0.000493259772778682 	0 	0 	0 	0 	0 	0 	0.00260508764653162 	0.00686431814872539 	1.91890279313997e-19 	-0.00309834510225591 	1.74494230609964e-21 	0.000493257455724291
1.39443907415504 	0.0864085698434991 	0.0381578863697116 	-0.0853977617680776 	0.964172520053164 	0.0460641308404846 	6.18301251981766e-22 	1.01924553503508 	0.0376577971232585 	-0.000993397645400879 	0.00197265609751842 	0.00653707687845517 	-9.25764585788974e-20 	-0.00247418934546618 	-6.92797599122293e-21 	0.000501533247947754 	0 	0 	0 	0 	0 	0 	0.00198239819612516 	0.00654504313533109 	-9.28375425129997e-20 	-0.0024839298846703 	-6.94552456424373e-21 	0.000501531688545138
1.41282036748905 	0.0855766867178461 	0.0379035090830824 	-0.0822879296223584 	0.96630105485433 	0.0469357371702386 	5.88458235820531e-22 	1.01612065922644 	0.038501308584993 	-0.000400499415951696 	0.00136583931255154 	0.00616915316945987 	-9.21070454188073e-20 	-0.00186916389792634 	-3.06350966449397e-21 	0.000503324585374792 	0 	0 	0 	0 	0 	0 	0.00137404905537682 	0.00617717896139298 	-9.23640872050256e-20 	-0.0018773728085791 	-3.07055670227986e-21 	0.00050332375320228
1.43187513419289 	0.0846318184172616 	0.0376493892536086 	-0.0791628564408275 	0.968377370120073 	0.0476873430438228 	-1.3543774229889e-21 	1.01307899205033 	0.0392376170207824 	0.000219464426383456 	0.000780578388342814 	0.00575749283317166 	2.03189629844021e-19 	-0.0012793955388524 	6.91897831503476e-21 	0.000498817150509583 	0 	0 	0 	0 	0 	0 	0.000787312143110132 	0.00576547970699132 	2.03737556564815e-19 	-0.0012861290838965 	6.9431342329119e-21 	0.000498816940786368
1.4516280544297 	0.0835743884438043 	0.037387136546633 	-0.0760250421268565 	0.970412498595177 	0.0483152519395968 	-6.2378227156647e-22 	1.01011362532665 	0.0398613149374236 	0.000856230772420167 	0.000222946169855082 	0.00530721845410295 	9.746433435467e-20 	-0.000711271712904447 	4.70848240453501e-21 	0.000488325543049366 	0 	0 	0 	0 	0 	0 	0.000228266937533257 	0.00531507203911046 	9.77266176691274e-20 	-0.000716592766085141 	4.71690003350724e-21 	0.000488325828551885
1.47210471318395 	0.0824051371826051 	0.0371105384362327 	-0.0728778205391763 	0.972418550552524 	0.0488165386282496 	1.24738297643122e-22 	1.00719276652103 	0.0403663602154358 	0.00147501356499924 	-0.000301753487385949 	0.00482331819893432 	-5.7182961195764e-21 	-0.00017053330141468 	4.26458249386107e-21 	0.000472286788800629 	0 	0 	0 	0 	0 	0 	-0.000297777148657366 	0.00483094912714768 	-5.76204712778944e-21 	-0.000174510420394493 	4.26396712893088e-21 	0.000472287569051859
1.49333163346761 	0.0811251567515969 	0.0368177755635898 	-0.0697246595228017 	0.974408629997774 	0.0491891216506644 	5.4003114098967e-22 	1.00436081934618 	0.0407566060681869 	0.00204437746915187 	-0.000789221576145126 	0.00431094607250995 	-9.41147624634597e-20 	0.00033792152412245 	-5.56502135570228e-21 	0.000451300052022676 	0 	0 	0 	0 	0 	0 	-0.000786516307011548 	0.00431827150880063 	-9.43269172778566e-20 	0.000335214953454523 	-5.57619773389126e-21 	0.000451301353557025
1.51533631074786 	0.0797359223446522 	0.0365175500884342 	-0.0665692834051132 	0.97639624239261 	0.0494317056629173 	5.53824660690743e-22 	1.00166514563732 	0.0410268119781246 	0.00258481585683584 	-0.00123491037263204 	0.00377500821615756 	-9.49263061654354e-20 	0.000809097095551429 	-4.5696641666117e-21 	0.000425813277080611 	0 	0 	0 	0 	0 	0 	-0.00123339898570434 	0.00378195309729604 	-9.51549392500804e-20 	0.000807584180029809 	-4.57831138072343e-21 	0.000425814805674534
1.53814724864193 	0.07823932093706 	0.036217684345483 	-0.0634168060931592 	0.978395223234536 	0.0495436681669856 	-6.01901099203909e-22 	0.999145624723861 	0.0411723248005478 	0.00307917523914842 	-0.00163612994025403 	0.00322140199088126 	1.0615750373166e-19 	0.00123962636333255 	6.23896467616344e-21 	0.000396503576921485 	0 	0 	0 	0 	0 	0 	-0.00163573191398599 	0.00322789878246927 	1.06396830198197e-19 	0.00123922672636237 	6.25258888847079e-21 	0.000396505187623628
1.56179399592574 	0.0766376762308781 	0.0359006732391463 	-0.0602727809533949 	0.980419877801047 	0.0495254923004082 	-6.06536773251314e-22 	0.996852046399779 	0.0412023759780894 	0.00353718329443419 	-0.00199222118062528 	0.00265624175370953 	1.09773943578802e-19 	0.00162806567534522 	-9.41770734085408e-22 	0.000364155505280065 	0 	0 	0 	0 	0 	0 	-0.00199285350768209 	0.00266223100060406 	1.10023851798321e-19 	0.00162869592324285 	-9.35181088066307e-22 	0.000364157584439239
1.58630718490526 	0.0749337711824022 	0.0355451815817788 	-0.0571413986918916 	0.982484352376165 	0.0493785106074506 	8.71057166661627e-22 	0.994803649862378 	0.0411146657864202 	0.00393161204424901 	-0.00229938051818976 	0.00208471258187011 	-1.64220930965334e-19 	0.0019704934961634 	-4.07095324299124e-21 	0.000328887022026358 	0 	0 	0 	0 	0 	0 	-0.00230095948251673 	0.00209014427053286 	-1.64571260456674e-19 	0.00197207012057428 	-4.08840356926914e-21 	0.000328889361942449
1.61171857120113 	0.0731308740072486 	0.035146799708275 	-0.0540278079307999 	0.984602258146655 	0.0491043200336989 	1.15873730471329e-21 	0.993001099369111 	0.0409167614164329 	0.00407638442506238 	-0.00255647460018405 	0.00151272203918238 	-2.18783173757954e-19 	0.00226514559823303 	1.60948421321815e-21 	0.000291329001951018 	0 	0 	0 	0 	0 	0 	-0.00255891640971614 	0.00151755540630342 	-2.19268056540484e-19 	0.00226758523815175 	1.59475807223861e-21 	0.000291331171564389
1.63806107499894 	0.0712327633049306 	0.0347087205218981 	-0.0509388953203889 	0.986786848639474 	0.048705545860469 	-1.10267789814479e-21 	0.991466567165445 	0.0406268184322769 	0.00388329589516732 	-0.00276599898705874 	0.000945051589281961 	2.08268746623627e-19 	0.00251352615446137 	7.58289916063967e-21 	0.000252472832597366 	0 	0 	0 	0 	0 	0 	-0.00276922014178573 	0.000949254362174935 	2.08699685227208e-19 	0.00251674503235424 	7.60452178899445e-21 	0.000252475109431486
1.66536882381986 	0.0692437574658673 	0.0342333593753914 	-0.047880470218341 	0.989050925112349 	0.0481855790860197 	-8.06801807528296e-22 	0.990276904294012 	0.0402494326502104 	0.00352379217413646 	-0.0029282896584093 	0.000386763486748759 	1.5974672854899e-19 	0.00271557899591791 	2.05618415697759e-21 	0.000212710662491387 	0 	0 	0 	0 	0 	0 	-0.00293220885513153 	0.000390311333347775 	1.60076729294356e-19 	0.00271949573057313 	2.06717036766107e-21 	0.000212713124558401
1.69367719686813 	0.0671687566296338 	0.0337237538838468 	-0.044857729160026 	0.991406763111362 	0.0475479077291257 	2.39890090163955e-22 	0.989379315570919 	0.0397778533043306 	0.00315905317077338 	-0.00304428472283811 	-0.000156433010945006 	-4.7123684280071e-20 	0.002872023320408 	-3.34507636175372e-21 	0.000172261402430105 	0 	0 	0 	0 	0 	0 	-0.00304882453425363 	-0.000153556214348738 	-4.7215802604493e-20 	0.00287656066344394 	-3.35112648412214e-21 	0.000172263870809698
1.72302287101406 	0.0650132946112634 	0.0331851075657073 	-0.0418766648018524 	0.993865686619341 	0.0467963035057274 	2.17536834523482e-22 	0.98864313782224 	0.0392079206608039 	0.00266084084388813 	-0.00311804052846258 	-0.000680134571918625 	-4.59084119926948e-20 	0.00298639032088656 	-1.81775598453416e-21 	0.000131650207576018 	0 	0 	0 	0 	0 	0 	-0.00312312829524519 	-0.000677935263819272 	-4.59968423471724e-20 	0.00299147578774886 	-1.82141439706767e-21 	0.000131652507496338
1.75344386847385 	0.0627835983147511 	0.0326135768918727 	-0.0389439340513872 	0.996437281914881 	0.0459344539112547 	-3.34671709300472e-23 	0.988148261861304 	0.038553985308649 	0.00200158490182375 	-0.00315537679364098 	-0.00118072390955335 	7.69031165549556e-21 	0.00306365203794416 	5.13080156493707e-22 	9.1724755696824e-05 	0 	0 	0 	0 	0 	0 	-0.00316094685355192 	-0.00117919832135834 	7.70456317351886e-21 	0.00306921989286327 	5.14055366304023e-22 	9.17269606886469e-05
1.78497960624921 	0.0604866554906038 	0.0319908592453475 	-0.0360652989347725 	0.999129366627507 	0.0449656879838676 	-3.34000511183063e-23 	0.988033653085361 	0.0378253825701772 	0.00138359423820742 	-0.00316281639004099 	-0.00165656649539234 	7.8049630830793e-21 	0.00311000984121402 	1.97063706276224e-22 	5.28065488269698e-05 	0 	0 	0 	0 	0 	0 	-0.00316881337825276 	-0.00165570237692394 	7.81924272245027e-21 	0.0031160047713595 	1.97440348906139e-22 	5.28086068932599e-05
1.81767094739309 	0.0581302894126239 	0.0313196604565846 	-0.0332451905791143 	1.00194875293346 	0.0438916633635251 	1.10450183105468e-22 	0.988357869462015 	0.0370241502883777 	0.000865530045134492 	-0.0031479880239332 	-0.00210820289625068 	-2.58625841728297e-20 	0.00313419679587216 	-1.40847337874697e-21 	1.37912280610376e-05 	0 	0 	0 	0 	0 	0 	-0.00315437270709257 	-0.00210798518733106 	-2.59127961535582e-20 	0.0031405822272443 	-1.41016673843004e-21 	1.37904798482752e-05
1.85156025416951 	0.0557232165429896 	0.0306048619938381 	-0.0304857147683638 	1.00490397779721 	0.0427094069954345 	-7.93382502558443e-23 	0.988978195373996 	0.0361627655012346 	0.000299558995097403 	-0.0031092983163021 	-0.00253946975327902 	1.99488752240487e-20 	0.00312860268351696 	1.15801763561347e-21 	-1.93043672148567e-05 	0 	0 	0 	0 	0 	0 	-0.00311603516791047 	-0.00253989321276709 	1.99852809453866e-20 	0.00313533180545968 	1.159619934695e-21 	-1.92966375492138e-05
1.88669144317883 	0.0532751509221478 	0.0298329695617859 	-0.0277542289739742 	1.0080119195511 	0.0414307330829383 	1.91316859884998e-23 	0.989960534297911 	0.0352561266220558 	-0.000350439589022865 	-0.00308615478107682 	-0.0029202656928682 	-7.8445296861329e-21 	0.0031450646495074 	-4.30519022657857e-22 	-5.89098684305845e-05 	0 	0 	0 	0 	0 	0 	-0.00309325511413668 	-0.0029212799859721 	-7.85767807120565e-21 	0.00315216842208352 	-4.31308310785033e-22 	-5.89133079468381e-05
1.92311004252228 	0.0507966725814528 	0.0290123033249999 	-0.0250806903833245 	1.01125592657145 	0.0400105716412163 	1.95742252317058e-22 	0.991450941774447 	0.0342944232733743 	-0.000872669381640775 	-0.00293722546180008 	-0.00357479903158095 	-5.11844606702596e-20 	0.00305415719546134 	-2.36421984130122e-21 	-0.00011693173366126 	0 	0 	0 	0 	0 	0 	-0.00294473929800364 	-0.00357683198978571 	-5.12792887671132e-20 	0.00306166881715608 	-2.36746851978241e-21 	-0.000116929519152446
1.96086325108248 	0.0482981840208994 	0.0281383009912497 	-0.0224202175492372 	1.01503808225105 	0.0384760072749537 	-8.38389234222419e-23 	0.993285543354475 	0.0332609928255804 	-0.00123695562824157 	-0.00283657784626682 	-0.00387207882533947 	1.94162008567592e-20 	0.00298724541200761 	1.13246388570571e-21 	-0.000150667565740787 	0 	0 	0 	0 	0 	0 	-0.00284419545960755 	-0.00387654515598754 	1.94564591912039e-20 	0.00299484671905884 	1.13425992232212e-21 	-0.000150651259451289
2 	0.0457942414702878 	0.0271746846745991 	-0.0197088362257369 	1.02018383646349 	0.0369214978941537 	-6.84726908362854e-23 	0.995459635143488 	0.032156426506393 	-0.00143423837025187 	-0.00300053826990178 	-0.00388166550594373 	1.65407348024519e-20 	0.00308516757300945 	5.36079344038269e-22 	-8.46293031076733e-05 	0 	0 	0 	0 	0 	0 	-0.00300773326134045 	-0.0038892120509473 	1.65753919282841e-20 	0.00309237551784955 	5.37130977598639e-22 	-8.46422565090935e-05
2.04048019216691 	0.0433427051985644 	0.0261575896284529 	-0.0170829574940298 	1.02643339486749 	0.0354568579546275 	0 	0.997929105495048 	0.0310241098106671 	-0.00134370739946991 	-0.00300825742107791 	-0.00422672632200726 	8.31941794663738e-26 	0.00301323829536891 	-3.68660375719186e-23 	-4.98087429100375e-06 	0 	0 	0 	0 	0 	0 	-0.00301496987476759 	-0.00423609415288274 	8.31941868432902e-26 	0.00301995542669918 	-3.69471136085246e-23 	-4.98555193159417e-06
2.07952987991697 	0.0410345937873659 	0.0251757082675901 	-0.0146088170605249 	1.03275632097676 	0.0341119203921147 	0 	1.00060376958701 	0.029909485226464 	-0.00104211555029606 	-0.00281143629161325 	-0.00432774379985954 	0 	0.00281174591882348 	0 	-3.09627210234694e-07 	0 	0 	0 	0 	0 	0 	-0.0028178340773865 	-0.00433752891977727 	0 	0.00281813925718722 	0 	-3.05179800719905e-07
2.11719961495896 	0.0389011363184223 	0.0242589658691954 	-0.0122828093768313 	1.03873698638631 	0.0328588974428832 	0 	1.00335880170472 	0.028833744457216 	-0.00078373189841884 	-0.00263243039016989 	-0.0041862195816984 	0 	0.00263923269482538 	0 	-6.80230465548465e-06 	0 	0 	0 	0 	0 	0 	-0.00263856072612277 	-0.00419588246010441 	0 	0.00264536935886215 	0 	-6.80863273937621e-06
2.15353816258619 	0.0369313590658222 	0.0233806696584999 	-0.0101486931955064 	1.04431691424319 	0.0317018537570441 	0 	1.00612564516225 	0.0277897241285452 	-0.000623261411852605 	-0.00247996489059904 	-0.00396567603309831 	0 	0.00248632407150514 	0 	-6.35918090610774e-06 	0 	0 	0 	0 	0 	0 	-0.00248588696586237 	-0.00397503490403429 	0 	0.00249224804865592 	0 	-6.36108279355492e-06
2.1885925648055 	0.0351136036462661 	0.0225343263724437 	-0.00819572552150788 	1.04947128536266 	0.0306167844405204 	0 	1.00894312875264 	0.0267856964185432 	-0.000451768319501571 	-0.00237414800590718 	-0.00368975215549157 	0 	0.00237770093633888 	0 	-3.55293043170808e-06 	0 	0 	0 	0 	0 	0 	-0.00237994735228878 	-0.0036986882844306 	0 	0.00238350075260018 	0 	-3.55340031140129e-06
2.22240820123539 	0.0334359249844569 	0.0217438480432867 	-0.00640303023535593 	1.05419432904368 	0.0295853053377168 	0 	1.01178121621113 	0.0258151287560681 	-0.00029543049654618 	-0.00229911332252353 	-0.00338493209643037 	0 	0.00230019014322045 	0 	-1.07682069692221e-06 	0 	0 	0 	0 	0 	0 	-0.00230486396892033 	-0.00339336237677061 	0 	0.00230594055337284 	0 	-1.07658445251114e-06
2.25502884785218 	0.0318864544998123 	0.0210128008303509 	-0.00475128534810133 	1.05848980492509 	0.0285930750442497 	0 	1.01455454285753 	0.0248618116275529 	-0.000279204026362606 	-0.00224073534673312 	-0.00306975938363772 	0 	0.0022412009456175 	0 	-4.65598884385061e-07 	0 	0 	0 	0 	0 	0 	-0.00224649498109745 	-0.00307762770375972 	0 	0.00224696048903829 	0 	-4.65507940840316e-07
2.28649673366009 	0.0304536978770257 	0.0203344991590995 	-0.00322713699597691 	1.06237152528795 	0.0276302362786929 	0 	1.01717860288908 	0.0239234301142486 	-0.000465463385840617 	-0.00219412344111494 	-0.00275503853724242 	0 	0.00219446132630591 	0 	-3.37885190969533e-07 	0 	0 	0 	0 	0 	0 	-0.00219993361748973 	-0.0027623158879272 	0 	0.00220027154132747 	0 	-3.37923837734322e-07
2.31685259535872 	0.0291267630794986 	0.0196925405149143 	-0.00181995289628368 	1.06586101000271 	0.0266906152606754 	0 	1.01969224342921 	0.0230114453146349 	-0.000723241074310563 	-0.00215477167206448 	-0.00244874927732214 	0 	0.00215497558027777 	0 	-2.03908213293011e-07 	0 	0 	0 	0 	0 	0 	-0.00216066108656278 	-0.0024554262667462 	0 	0.00216086495131969 	0 	-2.03864756911771e-07
2.34613573007873 	0.0278955025243533 	0.0190722848256982 	-0.000519629762531217 	1.0689830721675 	0.025770113443914 	0 	1.02206643582326 	0.0221274209811023 	-0.000910476985430852 	-0.00211835228401493 	-0.00215592514930891 	0 	0.00211848398334018 	0 	-1.31699325245732e-07 	0 	0 	0 	0 	0 	0 	-0.00212433973621046 	-0.00216200323880271 	0 	0.00212447136674542 	0 	-1.31630534952583e-07
2.3743840462538 	0.0267505895168974 	0.0184733635865523 	0.000683188157009794 	1.07176345516514 	0.0248663938148484 	0 	1.02424225645011 	0.0212635271717731 	-0.0010773728436534 	-0.00208213826587657 	-0.00187856813103964 	0 	0.00208218375459183 	0 	-4.54887152617865e-08 	0 	0 	0 	0 	0 	0 	-0.00208823423011793 	-0.00188405450680964 	0 	0.00208827958112189 	0 	-4.53510039641689e-08
2.40163411269502 	0.0256835472540656 	0.0178991655121875 	0.00179723848428855 	1.07422746852481 	0.0239784837649845 	0 	1.02621743099236 	0.0204221184877416 	-0.0013264309288036 	-0.00204373301180751 	-0.00161764062828621 	0 	0.00204372953830462 	0 	3.47350288776086e-09 	0 	0 	0 	0 	0 	0 	-0.00204994160537401 	-0.0016225438930714 	0 	0.00204993794479367 	0 	3.6605803401844e-09
2.42792120593089 	0.0246867375310461 	0.017351141398019 	0.00283034216898747 	1.07639861658268 	0.0231061320166472 	0 	1.02801564865443 	0.01961207433997 	-0.00161190342155504 	-0.0020014828264215 	-0.00137322634224164 	0 	0.00200148189347401 	0 	9.3294749236745e-10 	0 	0 	0 	0 	0 	0 	-0.00200780398283694 	-0.00137755349419936 	0 	0.00200780289287421 	0 	1.08996272553749e-09
2.45327935587456 	0.0237533221541257 	0.0168361354988948 	0.00378922177134861 	1.07829828111491 	0.0222495721758321 	0 	1.02964511982205 	0.0188354001513801 	-0.00188056200700698 	-0.00195501286153883 	-0.00114431730417391 	0 	0.001955000032006 	0 	1.28295328340141e-08 	0 	0 	0 	0 	0 	0 	-0.0019614437180172 	-0.00114807260086364 	0 	0.00196143074186385 	0 	1.29761533510314e-08
2.47774138987717 	0.0228772098432935 	0.0163606444000359 	0.00467988601598921 	1.07994570097061 	0.0214093121189461 	0 	1.03107886083376 	0.0180878012013668 	-0.00213872176264067 	-0.00190418473668807 	-0.000929897894015616 	-2.37813718810723e-22 	0.00190415629629895 	6.13963244140945e-18 	2.84403891221092e-08 	0 	0 	0 	0 	0 	0 	-0.00191072063884074 	-0.000933081683417392 	-2.37813665756974e-22 	0.00191069203880635 	6.16112512997579e-18 	2.86000343953007e-08
2.50133897522445 	0.0220529937356007 	0.0159238730503703 	0.00550781334587733 	1.08135774570107 	0.0205859308743603 	-1.05583778722488e-17 	1.03228535929708 	0.0173652448993419 	-0.00236763402377681 	-0.00184913392709233 	-0.000728826409705043 	-1.0444507865632e-14 	0.00184910073741301 	-1.82723290218159e-16 	3.31896793155963e-08 	0 	0 	0 	0 	0 	0 	-0.00185576924568574 	-0.000731434060902434 	-1.04827629488623e-14 	0.00185573589272397 	-1.83393538454333e-16 	3.33529617677732e-08
2.52410266013156 	0.0212758860620552 	0.0155202713243072 	0.00627794038826054 	1.08254901365855 	0.0197800023883765 	2.0928722199428e-19 	1.03324442512748 	0.016664844296055 	-0.0025364021597753 	-0.00179026668663447 	-0.000539847355441422 	-1.13499367005613e-16 	0.00179023240750657 	-1.39899506314433e-17 	3.42791279051969e-08 	0 	0 	0 	0 	0 	0 	-0.00179699533669138 	-0.000541868837209717 	-1.12083170168336e-16 	0.00179696089854488 	-1.40101532838093e-17 	3.44381465036854e-08
2.54606191328919 	0.0205416541737329 	0.0151432393290752 	0.00699469875281723 	1.08353198627714 	0.0189920438678021 	1.07593439687608e-17 	1.03399251133182 	0.0159846048878858 	-0.00265104537866338 	-0.00172811332862161 	-0.000361791977620599 	1.03228974975613e-14 	0.00172807807558032 	1.80563820602107e-16 	3.52530412859971e-08 	0 	0 	0 	0 	0 	0 	-0.00173492920790391 	-0.000363211422939827 	1.03625383808407e-14 	0.00173489379627901 	1.81258361724333e-16 	3.54116249026499e-08
2.56724516201227 	0.0198465598172684 	0.0147873205307691 	0.00766209074950203 	1.08431712210058 	0.0182224686381718 	0 	1.03455227701281 	0.0153257453813961 	-0.00269641485304922 	-0.00166325220418806 	-0.000193598434016795 	-6.33370433302573e-23 	0.00166321593003326 	5.83363252122905e-18 	3.62741548041888e-08 	0 	0 	0 	0 	0 	0 	-0.00167014950922871 	-0.000194393613851017 	-6.33370822830325e-23 	0.00167011307305517 	5.857168833999e-18 	3.64361735438869e-08
2.58767982904046 	0.0191873030610995 	0.0144487999955362 	0.00828374006845215 	1.08491297755887 	0.0174715685539825 	0 	1.03491507812791 	0.0146917850156544 	-0.00266134028541006 	-0.00159627897631166 	-3.43039562367378e-05 	0 	0.00159624157391259 	0 	3.74023990766689e-08 	0 	0 	0 	0 	0 	0 	-0.00160325234808664 	-3.44458328899914e-05 	0 	0.00160321477692723 	0 	3.75711594067531e-08
2.60739236803822 	0.0185609716733437 	0.0141315800032715 	0.00886293007646053 	1.08532634482004 	0.0167395208001251 	0 	1.03506570368555 	0.0140826460277523 	-0.0025737232575541 	-0.00152777079827435 	0.000116953081791199 	0 	0.00152773164293 	0 	3.91553443510107e-08 	0 	0 	0 	0 	0 	0 	-0.00153481535648045 	0.000117500825207655 	0 	0.00153477601890179 	0 	3.93375786687186e-08
2.62640829784037 	0.0179649962123529 	0.013844065278892 	0.00940264372594987 	1.08556236294035 	0.0160263998823675 	0 	1.03498364482579 	0.0134943985814226 	-0.00243796792965604 	-0.00145825216697706 	0.000260932749440252 	0 	0.00145821044924377 	0 	4.17177332902732e-08 	0 	0 	0 	0 	0 	0 	-0.00146536346785383 	0.000262214342709237 	0 	0.00146532154636624 	0 	4.19214875873256e-08
2.64475223548742 	0.0173971107436969 	0.0135845681400604 	0.00990559608099108 	1.08562459100005 	0.0153321962811431 	0 	1.03466223913123 	0.0129233969499751 	-0.00227156738315218 	-0.00138818840839619 	0.000398322490118046 	0 	0.0013881432246401 	0 	4.51837560902693e-08 	0 	0 	0 	0 	0 	0 	-0.00139536232145712 	0.000400390929525115 	0 	0.00139531690307838 	0 	4.54183787462616e-08
2.66244792809357 	0.0168553190002907 	0.0133457804991002 	0.0103742603700325 	1.08551504488616 	0.0146568416036269 	0 	1.03410106131506 	0.0123672751465538 	-0.00208728396672214 	-0.00131797918068421 	0.000529768065041577 	0 	0.00131792962834199 	0 	4.9552342218719e-08 	0 	0 	0 	0 	0 	0 	-0.00132521170468859 	0.000532686254618921 	0 	0.00132516187687465 	0 	4.98278139395364e-08
2.67951828358848 	0.0163378656656647 	0.0131238452872426 	0.0108108875750335 	1.08523418821222 	0.0140002326314916 	0 	1.03329907877574 	0.0118247886726997 	-0.00184847440036845 	-0.00124796685999527 	0.000655905932003207 	0 	0.0012479139953443 	0 	5.28646509690228e-08 	0 	0 	0 	0 	0 	0 	-0.00125525392521537 	0.00065974821945949 	0 	0.00125520074510746 	0 	5.31801079192057e-08
2.69598540037265 	0.0158432122992982 	0.0129212607032783 	0.0112175209097006 	1.08478086913263 	0.0133622480402777 	0 	1.03224833890973 	0.0112959992802689 	-0.00153894174619364 	-0.00117845223211556 	0.000777394417536696 	0 	0.00117840073106965 	0 	5.15010459128176e-08 	0 	0 	0 	0 	0 	0 	-0.00118578953873496 	0.000782248630037964 	0 	0.00118573770774509 	0 	5.18309898738699e-08
2.71187059592494 	0.0153700172647838 	0.012740956618004 	0.011596042979669 	1.08415220193522 	0.012742759104815 	0 	1.03095662778011 	0.0107816306698965 	-0.00118120895790177 	-0.0011096965618797 	0.000894939765275696 	0 	0.00110963543242462 	0 	6.11294550816633e-08 	0 	0 	0 	0 	0 	0 	-0.00111707940428975 	0.000900909829101349 	0 	0.00111701785392246 	0 	6.15503672957507e-08
2.72719443439902 	0.0149171186722079 	0.0125789995764681 	0.0119483220949692 	1.08334339846787 	0.0121416887791319 	0 	1.029454669754 	0.0102814065489243 	-0.000806528815323816 	-0.00104191999060657 	0.00100930182562905 	0 	0.00104176218074546 	0 	1.57809861113817e-07 	0 	0 	0 	0 	0 	0 	-0.00104934302465291 	0.00101651098473067 	0 	0.00104918405662176 	0 	1.58968031151033e-07
2.74197675324468 	0.0144835191810173 	0.0124290858271932 	0.0122761487100599 	1.08234756779417 	0.0115591275157682 	0 	1.02774832231624 	0.00979491292758814 	-0.000433346463382201 	-0.000975554493454497 	0.00112125035787401 	0 	0.000975271967469006 	0 	2.82525985490345e-07 	0 	0 	0 	0 	0 	0 	-0.000983013417715057 	0.00112984480743164 	0 	0.000982728707622216 	0 	2.84710092841168e-07
2.75623668888838 	0.0140683700103245 	0.012288892857852 	0.0125795570655306 	1.08115553689045 	0.0109946670368054 	0 	1.02583219540825 	0.00932096239938959 	-7.62462011422856e-05 	-0.000912124611850163 	0.00123150554636697 	0 	0.00091269486891582 	0 	-5.70257065656966e-07 	0 	0 	0 	0 	0 	0 	-0.000919625909354126 	0.00124165832362863 	0 	0.000920201115248476 	0 	-5.75205894350059e-07
2.76999270150626 	0.0136709476945346 	0.0121602958720147 	0.0128548836990943 	1.07975573533316 	0.0104443511065557 	0 	1.02371248441835 	0.00885864473002077 	0.000230684681014637 	-0.000854024284888477 	0.00134072995282611 	0 	0.000858019474153077 	0 	-3.99518926459977e-06 	0 	0 	0 	0 	0 	0 	-0.000861596278155409 	0.00135264555690026 	0 	0.000865627728568543 	0 	-4.03145041313418e-06
2.78326259892174 	0.0132906208239934 	0.0120443828378716 	0.0131114016982253 	1.07813416243629 	0.00990045565286508 	0 	1.02136823313016 	0.00840813889621644 	0.000482753462787817 	-0.000787607129647179 	0.00144927807808534 	0 	0.000782634149082762 	0 	4.972980564417e-06 	0 	0 	0 	0 	0 	0 	-0.000795147299793082 	0.00146319545831154 	0 	0.000790122285960141 	0 	5.02501383294167e-06
2.79606355965862 	0.0129268878061165 	0.0119392854947463 	0.0134333165006499 	1.07627504401775 	0.00941566015295027 	0 	1.01878117343071 	0.00796756465946704 	0.000720926553355393 	-0.000730561878496448 	0.00150738981074488 	0 	0.00071998393113042 	0 	1.05779473660278e-05 	0 	0 	0 	0 	0 	0 	-0.000738144020682081 	0.00152304710434983 	0 	0.00072745874171764 	0 	1.06852789644409e-05
2.80841215517947 	0.0125796448161659 	0.0118429459469889 	0.0138022546798211 	1.07429605402731 	0.00891976409250589 	0 	1.01594394389566 	0.00753447220654417 	0.000966783040465189 	-0.000393195397374273 	0.00168696771663061 	0 	0.000460205740766197 	0 	-6.70103433919235e-05 	0 	0 	0 	0 	0 	0 	-0.000401187368309976 	0.00170398332491282 	0 	0.000468327543301211 	0 	-6.71401749912346e-05
2.82032437133825 	0.0122468212469653 	0.0117556297855179 	0.0140067655945417 	1.07221204098151 	0.0083579805394641 	0 	1.01286044033956 	0.00710871342981589 	0.0012076283573348 	-0.000348165572636559 	0.00176177648812769 	0 	0.000414684578206808 	0 	-6.65190055702486e-05 	0 	0 	0 	0 	0 	0 	-0.000356290342435579 	0.00178125322591757 	0 	0.000422928207893103 	0 	-6.66378654575236e-05
2.8318156290747 	0.0119281809235128 	0.0116783779038739 	0.0140657109216632 	1.06976794938427 	0.00788039744060884 	0 	1.00954387994688 	0.00669116920281977 	0.00142853809616379 	-0.000592757396088208 	0.00173320408835614 	0 	0.000583470786215769 	0 	9.28660987243856e-06 	0 	0 	0 	0 	0 	0 	-0.000600677663701486 	0.00175644744716976 	0 	0.000591264558963827 	0 	9.41310473765908e-06
2.84290080437757 	0.011625240661143 	0.0116127505674528 	0.0141839075803172 	1.06693286613996 	0.00744006799832769 	0 	1.00599704389974 	0.00628165490267269 	0.0016243115789953 	-0.000548117314992801 	0.00183854924673362 	0 	0.000544061498206938 	0 	4.05581678586247e-06 	0 	0 	0 	0 	0 	0 	-0.000556134877098269 	0.00186548810991241 	0 	0.000552025519417164 	0 	4.10935768110455e-06
2.85359424754223 	0.0113374588682912 	0.0115585191102656 	0.0143622767615136 	1.06380642874683 	0.00696919841502809 	0 	1.00224920015401 	0.00588028001288499 	0.0018053772581149 	-0.000509275630973573 	0.00190415873985636 	0 	0.000512211577664262 	0 	-2.93594669068817e-06 	0 	0 	0 	0 	0 	0 	-0.000517435950805906 	0.00193475029562756 	0 	0.000520417451948008 	0 	-2.98150114210264e-06
2.86390980174789 	0.011064655417859 	0.0115125415411739 	0.0145283168796877 	1.06036057887622 	0.00652126028565134 	0 	0.998310344609737 	0.00548893394182611 	0.00197689008133512 	-0.000464497677723295 	0.00196776541306845 	0 	0.000464927555268394 	0 	-4.2987754509875e-07 	0 	0 	0 	0 	0 	0 	-0.000472680241205052 	0.002002518599952 	0 	0.000473116959886651 	0 	-4.36718681599186e-07
2.87386082097819 	0.0108067291255392 	0.0114720675926983 	0.0146769622066645 	1.05656503503575 	0.00608901070643062 	0 	0.994163149883857 	0.00510854287139199 	0.00212979380821898 	-0.000424726520774973 	0.00202852992035646 	0 	0.000424550178763051 	0 	1.76342011922522e-07 	0 	0 	0 	0 	0 	0 	-0.000432974150891314 	0.00206802017655978 	0 	0.000432794122173907 	0 	1.80028717406967e-07
2.88346018730867 	0.0105636059364059 	0.0114341268429801 	0.0148131214058662 	1.05238674852555 	0.00566776338345308 	0 	0.989822003409657 	0.00473656750674967 	0.00226023637211127 	-0.000388416364641152 	0.00208581817133973 	0 	0.000388323970985711 	0 	9.23936554417858e-08 	0 	0 	0 	0 	0 	0 	-0.000396753189214451 	0.00213070133326965 	0 	0.000396658526645496 	0 	9.46625689556675e-08
2.89272032758315 	0.0103352504664324 	0.0113968771482178 	0.0149385966421619 	1.04778902517595 	0.00525650093614581 	0 	0.985283058329051 	0.00437005003483982 	0.00237384197460936 	-0.000354587856009946 	0.00213919596059472 	0 	0.000354580903741321 	0 	6.9522686249872e-09 	0 	0 	0 	0 	0 	0 	-0.000363024018060776 	0.00219022595947515 	0 	0.000363016590885574 	0 	7.42717520216722e-09
2.90165322950093 	0.0101216765160415 	0.0113595277625755 	0.015054018591316 	1.04273042597841 	0.00485475622231595 	0 	0.980512891234791 	0.00400975393991052 	0.00247815636864033 	-0.000322896008492003 	0.00218842152819711 	0 	0.000322894491587198 	0 	1.51690480497814e-09 	0 	0 	0 	0 	0 	0 	-0.000331437491167861 	0.0022464734676411 	0 	0.000331435566795196 	0 	1.92437266540363e-09
2.91027045713544 	0.00992295756110088 	0.0113212955031261 	0.0151605720237711 	1.0371634420067 	0.00446241069859747 	0 	0.975485598703794 	0.00365891691562588 	0.00257069309212257 	-0.000292890199192298 	0.0022333874858293 	0 	0.000292549313644796 	0 	3.40885547502341e-07 	0 	0 	0 	0 	0 	0 	-0.000301532897525601 	0.00229948689058869 	0 	0.000301181053874056 	0 	3.51843651545163e-07
2.9185831659045 	0.00973924439796362 	0.0112829058946719 	0.0152599532659331 	1.03103291229047 	0.00408145694269435 	0 	0.970180901598029 	0.00331862394131404 	0.00264383698817935 	-0.000264612187096304 	0.00227403357289998 	0 	0.000263711213078977 	0 	9.00974017327092e-07 	0 	0 	0 	0 	0 	0 	-0.000273353712820066 	0.00234939260224452 	0 	0.000272422060582932 	0 	9.3165223713364e-07
2.92660211701151 	0.00957078984786745 	0.0112456358085245 	0.0153479017721696 	1.02427422400103 	0.0037113067467863 	0 	0.964584160855317 	0.0029862998491108 	0.00268864781937817 	-0.00024171681927438 	0.00231010527068115 	0 	0.000243744282602065 	0 	-2.02746332768478e-06 	0 	0 	0 	0 	0 	0 	-0.000250699128946261 	0.00239616128157315 	0 	0.000252808689231028 	0 	-2.10956028476719e-06
2.93433769137638 	0.00941796774198526 	0.011209362838606 	0.0154049408918766 	1.01681180760827 	0.00331916067241084 	0 	0.958656053707999 	0.00266061237465602 	0.0027027975531608 	-0.000230669961914793 	0.00234063060192306 	0 	0.000245550084329978 	0 	-1.48801224151847e-05 	0 	0 	0 	0 	0 	0 	-0.000240365308709693 	0.00243907312435129 	0 	0.000255895674650856 	0 	-1.5530365941163e-05
2.94179990307414 	0.00928132632590104 	0.0111729347886859 	0.0154546776828466 	1.00855879299475 	0.00282984161932888 	0 	0.952336666236546 	0.00234385281229899 	0.00269723524020573 	-0.000178617317575794 	0.00236410146825485 	0 	0.00016327016052312 	0 	1.53471570526742e-05 	0 	0 	0 	0 	0 	0 	-0.000186986104930851 	0.00247690936216225 	0 	0.000170784271946071 	0 	1.62018329847805e-05
2.94899841229863 	0.00916230007494211 	0.0111356616470411 	0.0157973563847445 	0.999415228821175 	0.00278592065050867 	0 	0.945556702544477 	0.00203757096774915 	0.00267004091858807 	-0.000136612278162677 	0.0023455864598921 	0 	9.8879853923963e-05 	0 	3.77324242387137e-05 	0 	0 	0 	0 	0 	0 	-0.000144080280088174 	0.00247315377301334 	0 	0.000104358245915208 	0 	3.97220341729659e-05
2.95594253786806 	0.00906688565353255 	0.0110977801552512 	0.0163710073035105 	0.989574609537107 	0.00257495146289179 	0 	0.938202754032213 	0.00174145775555858 	0.00261843450346559 	0.000841396267983875 	0.00246439231007319 	0 	-0.000646843802464688 	0 	-0.000194552465519188 	0 	0 	0 	0 	0 	0 	0.00082967030744241 	0.00260868200515275 	0 	-0.000632784854185865 	0 	-0.000196885453256545
2.96264126928874 	0.00896462445262645 	0.011060507109352 	0.0164041915525768 	0.978690688967005 	0.00162789707957025 	0 	0.93013324093783 	0.0014565169185155 	0.00255482654533904 	0.000869792056934811 	0.00251922361621165 	0 	-0.000673589884807727 	0 	-0.000196202172127083 	0 	0 	0 	0 	0 	0 	0.000858812760647578 	0.00269053804482469 	0 	-0.000660362242940191 	0 	-0.000198450517707387
2.96910327839237 	0.0088539179799377 	0.011026748270965 	0.0159606707152229 	0.965812214456456 	0.00146774329262416 	0 	0.921183223995973 	0.0011849566103684 	0.00248215949932728 	-7.01683578624383e-05 	0.00247236487722853 	0 	4.22081774381415e-05 	0 	2.79601804242968e-05 	0 	0 	0 	0 	0 	0 	-7.60235587157383e-05 	0.00268162979827947 	0 	4.56098653280307e-05 	0 	3.04136933877076e-05
2.97533693056215 	0.00876449600170664 	0.0110000013438864 	0.0157718262149316 	0.950690323088844 	0.00155569021501108 	0 	0.91109896321484 	0.000927668142884977 	0.00240273778457414 	-7.10037785209109e-05 	0.00253096445577198 	0 	5.88020466118007e-05 	0 	1.22017319091101e-05 	0 	0 	0 	0 	0 	0 	-7.82715773223098e-05 	0.00278400039209273 	0 	6.5079731239648e-05 	0 	1.31918460826618e-05
2.98135029556221 	0.00869196063944544 	0.0109850317797444 	0.0158289106135629 	0.933139001546755 	0.00114261017874793 	0 	0.899472909974285 	0.000684031757702925 	0.00231881977864986 	-7.54186643054472e-05 	0.00255864965920995 	0 	8.38683362342326e-05 	0 	-8.4496719287854e-06 	0 	0 	0 	0 	0 	0 	-8.43372416311097e-05 	0.00286524334468583 	0 	9.37205261652014e-05 	0 	-9.38328453409168e-06
2.98715115798429 	0.00863424367801948 	0.01099101311264 	0.0158810208626172 	0.912478311970153 	0.000875627285090726 	0 	0.885755325430007 	0.000454207428308271 	0.00222415537357005 	-5.05480512595732e-05 	0.00258513759393956 	0 	5.09656538761722e-05 	0 	-4.17602616599009e-07 	0 	0 	0 	0 	0 	0 	-5.80495223357578e-05 	0.00296232069718396 	0 	5.84301370961183e-05 	0 	-3.80614760360499e-07
2.99274702732526 	0.008585779836086 	0.0110310329120302 	0.0159136665153994 	0.887790626711418 	0.000691361222340964 	0 	0.869146206017329 	0.000243158938429491 	0.00210885970304162 	-3.5342417113706e-05 	0.00260393414907356 	0 	3.6242611244521e-05 	0 	-9.00194130815025e-07 	0 	0 	0 	0 	0 	0 	-4.23165390037427e-05 	0.00307545902490629 	0 	4.32661017895368e-05 	0 	-9.49562785794107e-07
2.99814514770852 	0.0085359880595741 	0.0111197316401139 	0.015915577374573 	0.85779500004069 	0.000465365794445188 	0 	0.848375347734346 	6.02189709638226e-05 	0.00195696166382152 	-3.29636529261776e-05 	0.00260752504849988 	0 	4.99233591815986e-05 	0 	-1.69597062554209e-05 	0 	0 	0 	0 	0 	0 	-4.27652959430552e-05 	0.00320751094465558 	0 	6.33788050156649e-05 	0 	-2.06135090726097e-05
3.00335250726192 	0.00846867354556536 	0.0112682964209069 	0.0158818113806501 	0.820677835953644 	-0.000251783323172537 	0 	0.821497979163728 	-8.69552844967122e-05 	0.00176955367093934 	-7.97769017362619e-07 	0.00258115892204299 	0 	7.13902105007564e-06 	0 	-6.34125203271302e-06 	0 	0 	0 	0 	0 	0 	-5.26639958564451e-06 	0.00335911975181164 	0 	1.08584471211091e-05 	0 	-5.59204753546464e-06
