-1.60174080485307e-09 	1e-15 	1e-15 	0.201916238883859 	0 	0 	0 	0 	0 	0 	1.52166404476309e-19 	-6.5657990660838e-18 	-3.60212599584701e-37 	1.89394695828198e-19 	9.63105096139348e-36 	-3.41561100304508e-19 	0 	0 	0 	0 	0 	0 	-1.76911131584094e-06 	-0.000305577227030694 	2.99809127390496e-24 	1.53490848517021e-05 	4.48568156891611e-22 	-1.35799735358612e-05
0.0078222577043784 	0.000428121818374449 	0.00690355827530641 	0.201960118884636 	0.0340036988648163 	0.00028589377875206 	-1.49747413580931e-20 	0.0323046256152415 	0.00108604681413743 	0.00187070255286301 	7.52998822907194e-06 	-2.36118099465012e-05 	7.98664997413295e-24 	-6.33341151936554e-06 	-3.08432839556459e-23 	-1.1965767097064e-06 	0 	0 	0 	0 	0 	0 	2.96541174768936e-05 	-0.000461064231379066 	5.63093739588873e-24 	-2.94797084107694e-05 	-2.69604748822768e-22 	-1.7440906612422e-07
0.0159310692763151 	0.00243598366096193 	0.0149463455647377 	0.202076686744059 	0.0742450804953762 	0.00208714072152856 	4.44214618618455e-20 	0.0791415234471943 	0.00298177383800247 	0.00270550897484615 	0.00015320570218731 	-0.000250739982035175 	-6.51376063318668e-22 	-0.000126305235056286 	3.44582203173416e-22 	-2.69004671310243e-05 	0 	0 	0 	0 	0 	0 	0.000186111602222988 	-0.000654419180825522 	-1.00896516146728e-21 	-0.000161238157280203 	2.33388666771163e-22 	-2.48734449427854e-05
0.02433693036275 	0.00570866349972358 	0.0205985242237883 	0.202292728768898 	0.104078905344995 	0.00350772121262905 	-4.32645745505903e-21 	0.121206160986269 	0.00533173438003165 	0.00300131810087156 	0.000465819217345155 	-0.000653287240696326 	-7.10861182156453e-22 	-0.000384894127791745 	1.15935216652716e-21 	-8.09250895534097e-05 	0 	0 	0 	0 	0 	0 	0.000496234785005774 	-0.000920737058080964 	-9.44211008999295e-22 	-0.000414297074558658 	1.62109843243883e-21 	-8.19377104471168e-05
0.0330507227573253 	0.00874221884980167 	0.0241110460201815 	0.202537097871076 	0.121968090019252 	0.00465205311597438 	-4.16389519809399e-20 	0.154800795723664 	0.00778761908979357 	0.00310393391465889 	0.00076772707504707 	-0.00096132188591654 	1.77871848364585e-21 	-0.000648668532526409 	-1.70411903939861e-21 	-0.00011905854252066 	0 	0 	0 	0 	0 	0 	0.00079608509161931 	-0.00112458502508557 	1.90786570065772e-21 	-0.000675985544083982 	-1.78395905043842e-21 	-0.000120099547535327
0.0420837268856539 	0.0112790222388975 	0.0266365488024158 	0.202736765296083 	0.134091923455508 	0.00598605670133132 	1.68031742167078e-20 	0.181986533937271 	0.0102521905239702 	0.00313163803772933 	0.00101907053697651 	-0.00116322188614539 	1.02700434493911e-21 	-0.000882967297043856 	-1.47227862743994e-21 	-0.000136103239932652 	0 	0 	0 	0 	0 	0 	0.00104657026073386 	-0.00127720573261886 	1.02565677683449e-21 	-0.000910484977455769 	-1.70805177089845e-21 	-0.000136085283278096
0.0514476364083755 	0.0134958728210559 	0.0285035378880215 	0.202906907351498 	0.143515124560916 	0.0073379783915939 	1.69834076549883e-23 	0.203977904905642 	0.0126764466416009 	0.00310247719514465 	0.0012675671432448 	-0.00134996695103515 	-1.03550878655422e-21 	-0.00111002607678737 	1.34332761534373e-21 	-0.000157541066457425 	0 	0 	0 	0 	0 	0 	0.00129350074954337 	-0.00143952159272421 	-1.03848966060416e-21 	-0.00113608654185674 	1.44295590742352e-21 	-0.000157414207686627
0.061154573359167 	0.01550839642758 	0.0299499438110864 	0.203075686082286 	0.151465567388716 	0.00863120725423939 	-2.19836486704537e-21 	0.222357964027718 	0.0150351109784424 	0.00301285684511304 	0.00152272080316408 	-0.00154112477880162 	-1.17186915593516e-21 	-0.00133860821646172 	4.3102670602137e-22 	-0.000184112586702362 	0 	0 	0 	0 	0 	0 	0.00154703474244819 	-0.00161661985909368 	-1.20476982724986e-21 	-0.00136293820659175 	4.45542010590759e-22 	-0.000184096535856442
0.0712171038372999 	0.0173827312630544 	0.0311045991699737 	0.203245938152277 	0.158532790493665 	0.00988794955063392 	-3.45995039769394e-21 	0.238072582845031 	0.0173346686932813 	0.00289382088864626 	0.00179025995183837 	-0.00174182584880322 	-1.12444853230974e-21 	-0.00157796372013626 	3.6310447153472e-22 	-0.000212296231702115 	0 	0 	0 	0 	0 	0 	0.00181316778610935 	-0.00180839948873051 	-1.1537452164662e-21 	-0.00160086525549197 	3.79189201590742e-22 	-0.000212302530617376
0.0816482542750658 	0.0191591530848257 	0.0320361606521687 	0.203413673129918 	0.16504157532069 	0.0111173384911043 	-6.27334091736062e-21 	0.251686620914427 	0.0195687037293873 	0.00279837575991298 	0.00206889220686554 	-0.00195674111269007 	1.33021046116819e-21 	-0.0018259575034161 	-2.68668646212659e-21 	-0.000242934703449439 	0 	0 	0 	0 	0 	0 	0.00209051443122603 	-0.00201725741908557 	1.32418705932124e-21 	-0.00184757505715019 	-2.72599724516915e-21 	-0.000242939374075845
0.0924615283011214 	0.0208640616532704 	0.0328044089433201 	0.203575933136631 	0.171184961635669 	0.0123207830613976 	5.75695004924394e-21 	0.263706388929359 	0.0217284752533604 	0.00273698976780772 	0.00235629311393233 	-0.00218818741011808 	3.26226373536149e-21 	-0.00207972220009385 	-3.40226699794515e-22 	-0.000276570913838481 	0 	0 	0 	0 	0 	0 	0.0023767068680487 	-0.00224437017337455 	3.30354118090739e-21 	-0.0021001329215419 	-3.90306150207207e-22 	-0.000276573946506802
0.103670924221589 	0.0225158788307291 	0.0334646730656585 	0.203730778215595 	0.177087099506896 	0.0134985857440239 	5.99216374515532e-21 	0.27457407505691 	0.0238107612726724 	0.00265674080687603 	0.00265103189526803 	-0.00243762165906206 	-1.49733791262255e-21 	-0.00233776266016307 	3.62114472294711e-21 	-0.000313269235104959 	0 	0 	0 	0 	0 	0 	0.00267030038648431 	-0.00249058375229558 	-1.47620416162641e-21 	-0.00235702876720003 	3.66662691851444e-21 	-0.000313271619284275
0.115290953141545 	0.0241281023146182 	0.0340497009345317 	0.203876665309746 	0.182833359444734 	0.0146507912031312 	-4.95164800606667e-21 	0.284553460068565 	0.025814126701707 	0.00248829361505827 	0.00295214181324404 	-0.00270622581535848 	-1.97669969899052e-21 	-0.00259911731964744 	-8.99743482175903e-23 	-0.000353024493596602 	0 	0 	0 	0 	0 	0 	0.00297031987949143 	-0.00275672641039538 	-2.00514528324459e-21 	-0.00261729335418494 	-6.84210555023148e-23 	-0.00035302652530649
0.12733665775034 	0.0257110143551337 	0.03457677006063 	0.204012178112872 	0.188485627500972 	0.0157771926043093 	4.76105784147508e-22 	0.293764859244158 	0.0277353408141268 	0.00225237724288363 	0.00325885608229415 	-0.00299498764116796 	1.60711438307981e-21 	-0.00286301518550731 	-1.07738583800074e-21 	-0.00039584089678684 	0 	0 	0 	0 	0 	0 	0.00327599208679733 	-0.00304356685070775 	1.61409978946198e-21 	-0.00288014940784014 	-1.0993530524438e-21 	-0.00039584267895719
0.139823631795095 	0.0272727027387767 	0.0350622835965562 	0.204135913323839 	0.194090806913691 	0.0168773492452641 	4.92429405958199e-22 	0.30228774019741 	0.0295954774686159 	0.00204014648813715 	0.00357043716675241 	-0.00330475915573649 	1.48127184841654e-21 	-0.00312872303360265 	-1.14701819094447e-21 	-0.00044171413314976 	0 	0 	0 	0 	0 	0 	0.00358657449453432 	-0.00335181442461598 	1.48779100583636e-21 	-0.00314485880713703 	-1.16065224810673e-21 	-0.00044171568739729
0.15276804026756 	0.0288197032435414 	0.0355195033313143 	0.204246479070898 	0.199685858998655 	0.017950658194264 	4.61331181930714e-21 	0.310223477498797 	0.031409241634523 	0.00186043959681618 	0.00388615762102138 	-0.00363628391036998 	5.12952881950367e-21 	-0.00339554398107783 	4.06910373355506e-21 	-0.000490613639943551 	0 	0 	0 	0 	0 	0 	0.00390133585340752 	-0.0036821161603575 	5.20030567128188e-21 	-0.00341072095248987 	4.08643297881081e-21 	-0.000490614900917644
0.166186640330474 	0.030357420647874 	0.035957174061955 	0.204342560779707 	0.205300992771989 	0.0189963786147338 	-2.55872016708119e-21 	0.317681030555327 	0.033167573598447 	0.00166218130908084 	0.00420544369806727 	-0.00399019250317561 	-6.52085841245023e-21 	-0.00366291874509574 	-5.65152996987876e-22 	-0.000542524952971528 	0 	0 	0 	0 	0 	0 	0.00421969931665274 	-0.00403503558473262 	-6.55792720104166e-21 	-0.00367717342597531 	-5.38520071896741e-22 	-0.000542525890677431
0.180096803010527 	0.0318904111350165 	0.0363882752729957 	0.20442291969835 	0.210961806594719 	0.0200136224923852 	-4.37600308662614e-21 	0.324768799652185 	0.0348757236551475 	0.00144332297469235 	0.00452786919457023 	-0.0043670285887243 	-5.55335769547161e-21 	-0.00393042474090669 	-3.07785535789445e-21 	-0.000597444453663539 	0 	0 	0 	0 	0 	0 	0.00454123612577637 	-0.00441106870201374 	-5.62144632510362e-21 	-0.00394379103019927 	-3.08996551508327e-21 	-0.000597445095577092
0.194516535685997 	0.0334225758886024 	0.0368184896737667 	0.204486361623926 	0.216690733730151 	0.021001396422141 	-1.28118649674835e-21 	0.331532268900336 	0.0365392312159106 	0.00120315600838017 	0.00485303309893697 	-0.00476727483340008 	-2.59313406531114e-21 	-0.00419770319529357 	-7.80529621296849e-22 	-0.000655329903643399 	0 	0 	0 	0 	0 	0 	0.00486554328308391 	-0.00481066357825671 	-2.61196581874784e-21 	-0.00421021307433331 	-7.83908074579731e-22 	-0.000655330208750596
0.209464505398164 	0.0349572969785152 	0.0372305852957217 	0.204531799009787 	0.222508045816929 	0.0219586486555423 	-4.62617346682853e-21 	0.337999065506444 	0.0381491636491358 	0.000985244774496769 	0.0051807299273971 	-0.00519132164430342 	-8.31872719440236e-21 	-0.00446453305256428 	-7.38662194294562e-21 	-0.000716196874832814 	0 	0 	0 	0 	0 	0 	0.00519241358308409 	-0.00523418524018835 	-8.39974753004561e-21 	-0.00447621679149756 	-7.40635841198238e-21 	-0.000716196791586528
0.224960063016708 	0.0364975309278075 	0.0376181648958765 	0.204558261589296 	0.228432649235404 	0.0228842178875233 	2.41634916714963e-21 	0.344224606129307 	0.039693817918226 	0.000845335656473879 	0.00551107542470331 	-0.00563947141442317 	8.32171196391619e-21 	-0.00473096775680092 	7.03498316352916e-22 	-0.000780107667902391 	0 	0 	0 	0 	0 	0 	0.00552196114424236 	-0.00568191731797391 	8.35167942699513e-21 	-0.00474185389839505 	6.74410681966178e-22 	-0.000780107245847312
0.241023268290339 	0.038045870438566 	0.0379994991966726 	0.204564803748308 	0.234482655498769 	0.023776843025618 	6.72789980589936e-21 	0.350291114905455 	0.0411829615155949 	0.000731996188931244 	0.00584410604731825 	-0.00611196216494074 	1.81371893624429e-20 	-0.0049970653772246 	1.27756291800346e-20 	-0.000847040670093649 	0 	0 	0 	0 	0 	0 	0.00585422123370222 	-0.0061540834823983 	1.82661523249097e-20 	-0.00500718135599949 	1.2794242666973e-20 	-0.000847039877702728
0.257674915815117 	0.0396045870787115 	0.0383859874158295 	0.204550585325439 	0.240675739236432 	0.024635269279635 	1.36089746117656e-21 	0.356286226689865 	0.0426580134064753 	0.00056127742861017 	0.00617996666620134 	-0.00660890409830904 	-1.69991190101651e-22 	-0.00526301529974001 	2.98222743107507e-21 	-0.00091695136646133 	0 	0 	0 	0 	0 	0 	0.00618933783031424 	-0.00665078282424883 	-1.42431831001473e-22 	-0.00527238768904918 	3.00894711078334e-21 	-0.00091695014126506
0.274936561954061 	0.0411756568931137 	0.0387707027795745 	0.204514892085783 	0.247029446046971 	0.0254581549634012 	-1.76863561049438e-21 	0.362270424093224 	0.044117313602071 	0.000359356426098321 	0.00651949639069049 	-0.00713020930494206 	-5.75980049678617e-21 	-0.00552947238865473 	-7.25953780891109e-21 	-0.000990024002035759 	0 	0 	0 	0 	0 	0 	0.00652814940370624 	-0.00717191921824881 	-5.79737429175275e-21 	-0.00553812697436237 	-7.26418124191425e-21 	-0.000990022429343869
0.292830552742906 	0.0427607641202026 	0.0391571341782927 	0.204456964997426 	0.25356164233556 	0.0262441457122868 	1.25954293742838e-21 	0.368304419306343 	0.0455251186274819 	0.000234953075762967 	0.00686301194114115 	-0.00767582705710736 	6.26824058803903e-21 	-0.0057968744902387 	2.80332652753821e-22 	-0.00106613745090245 	0 	0 	0 	0 	0 	0 	0.00687097252612137 	-0.00771743571419894 	6.29415087727309e-21 	-0.00580483705696644 	2.75434250058499e-22 	-0.00106613546915493
0.311380052818126 	0.0443613000088817 	0.0395498112909604 	0.204376174999662 	0.260290669187401 	0.0269920071434357 	1.20951491763117e-21 	0.374420431095062 	0.0468800883090993 	0.000147667831126411 	0.0072113448051338 	-0.00824544538971175 	6.51327833881162e-21 	-0.00606599117810171 	3.79444684175458e-21 	-0.00114535362703209 	0 	0 	0 	0 	0 	0 	0.00721863849853344 	-0.00828701536980613 	6.54704724867166e-21 	-0.00607328735776175 	3.80156076172737e-21 	-0.00114535114077169
0.330609075404679 	0.0459783446431718 	0.0399360033898528 	0.204272024322423 	0.267235469062136 	0.0277004373960384 	2.56853356346006e-22 	0.380638319813471 	0.0481797000473929 	-1.71102975778871e-05 	0.0075661717043019 	-0.00883845061721803 	-1.75834015783683e-21 	-0.00633811675817392 	3.83885513410666e-21 	-0.00122805494612798 	0 	0 	0 	0 	0 	0 	0.00757282385978404 	-0.00888004064254661 	-1.75187526668491e-21 	-0.00634477178338163 	3.85274951440998e-21 	-0.00122805207640241
0.350542513402285 	0.0476126277051983 	0.0402974213812287 	0.204143743266786 	0.274415863234479 	0.0283681777708029 	-4.53937852889435e-21 	0.387004236435701 	0.0494278106405917 	-0.000188636984535244 	0.00792811841473347 	-0.00945416012717044 	-2.60432629419478e-20 	-0.00661409674171382 	-1.74329330173534e-20 	-0.00131402167301966 	0 	0 	0 	0 	0 	0 	0.00793415493972254 	-0.00949582553297119 	-2.61526805018231e-20 	-0.00662013648842494 	-1.74416526742779e-20 	-0.0013140184512976
0.371206171610499 	0.0492644921661594 	0.0406195631214225 	0.20399037114218 	0.281852506947445 	0.0289941985531692 	-1.50280328124202e-21 	0.393509226261449 	0.0506211395320121 	-0.000337577708795744 	0.00829807065600453 	-0.0100913693907751 	-5.70041873317148e-21 	-0.00689496469431567 	-2.8092137455653e-21 	-0.00140310596168886 	0 	0 	0 	0 	0 	0 	0.00830351844843741 	-0.0101331622284029 	-5.73653194146395e-21 	-0.00690041615752571 	-2.82327819703729e-21 	-0.0014031022909117
0.392626800134262 	0.0509338441658852 	0.0409189970855299 	0.203811038612378 	0.289566930322176 	0.0295776544946762 	-5.12000769526394e-22 	0.400132745238514 	0.051770644960947 	-0.00053084396695002 	0.00867736136482312 	-0.0107485048673062 	-6.84124493546123e-21 	-0.00718200725085542 	1.7669902898861e-21 	-0.0014953541139677 	0 	0 	0 	0 	0 	0 	0.00868224821886856 	-0.0107904743224198 	-6.86564987475006e-21 	-0.00718689822179372 	1.75929594558077e-21 	-0.00149534999707484
0.414832129013215 	0.0526200852489893 	0.0412229050508243 	0.203604820359592 	0.297581738285923 	0.0301178676998224 	3.36033500277357e-22 	0.406914444611431 	0.0528689306089677 	-0.00075360270130958 	0.00906761600951971 	-0.011423754638736 	4.37984496425464e-21 	-0.00747665872391336 	3.17059016597799e-22 	-0.00159095728560635 	0 	0 	0 	0 	0 	0 	0.00907197047165747 	-0.011465947611021 	4.38437567884125e-21 	-0.00748101774347316 	3.09718106362374e-22 	-0.00159095272818431
0.437850904119576 	0.0543220261340039 	0.041541694945866 	0.203370656105446 	0.305920860403875 	0.0306144127413537 	3.20152152780954e-21 	0.413720651186195 	0.0538902562913103 	-0.000972336861062411 	0.00947006965410353 	-0.0121151702153804 	1.98377844828381e-20 	-0.00777993232632479 	1.06384674246239e-20 	-0.00169013732777874 	0 	0 	0 	0 	0 	0 	0.00947392042285981 	-0.0121576315563266 	1.99100787904794e-20 	-0.00778378816467074 	1.064726040742e-20 	-0.00169013225818907
0.461712924371063 	0.0560377886006613 	0.0418943137318684 	0.203107527436871 	0.314609724205107 	0.0310669754692343 	2.78257856175088e-24 	0.420452629340871 	0.0548139772144279 	-0.00126350359282968 	0.00988594507114221 	-0.0128207080349941 	-5.75969283920867e-18 	-0.00809310232088898 	5.46288464368358e-18 	-0.00179284275025324 	0 	0 	0 	0 	0 	0 	0.00988931969502867 	-0.0128634801640212 	-5.75968450579261e-18 	-0.00809648257362563 	5.48019093044146e-18 	-0.00179283712140305
0.486449080307034 	0.0577646969449683 	0.0423025115383714 	0.202814684793203 	0.323675304950573 	0.0314751510977954 	-8.49735273380282e-18 	0.427369284957903 	0.0556544594475338 	-0.00177436909403449 	0.010316204404461 	-0.0135383900910327 	-7.63422001483521e-17 	-0.00841672702063197 	-5.07763332297256e-17 	-0.001899477383829 	0 	0 	0 	0 	0 	0 	0.0103191273820758 	-0.01358151267933 	-7.65821796112603e-17 	-0.00841965630565779 	-5.07927043182955e-17 	-0.00189947107641799
0.512091394077792 	0.0594991551419838 	0.0427491929202401 	0.20249225985097 	0.33314652235412 	0.0318381792041283 	2.97396413614788e-19 	0.434722211632552 	0.056434022177543 	-0.00240439527826137 	0.0107622204050531 	-0.014267055508534 	1.35509614596514e-17 	-0.00875123435389288 	-6.98163973407722e-18 	-0.00201098605116019 	0 	0 	0 	0 	0 	0 	0.0107647098998113 	-0.014310565752318 	1.35530608907767e-17 	-0.00875373099523305 	-7.01025735629237e-18 	-0.00201097890457823
0.538673060898804 	0.0612365033784477 	0.0432201896467309 	0.202142088895531 	0.343055002827712 	0.0321542010727798 	7.30861807443887e-18 	0.442484273960356 	0.0571420538469788 	-0.00292858273932729 	0.0112252089887776 	-0.0150072860753176 	6.72706201921938e-17 	-0.00909680164060073 	4.45162763649445e-17 	-0.00212840734817684 	0 	0 	0 	0 	0 	0 	0.011227272199372 	-0.015051219440021 	6.74745545368312e-17 	-0.00909887313304914 	4.45301493002622e-17 	-0.00212839906632284
0.566228492023517 	0.062970864874599 	0.0437270249319802 	0.201768946623487 	0.353436095977325 	0.0324195103255826 	3.36775587506023e-21 	0.45050641931157 	0.0577707983061623 	-0.00332222676623848 	0.0117063177741699 	-0.0157628658627226 	-4.29218506755793e-18 	-0.00945252739782204 	4.01214731211407e-18 	-0.00225379037634789 	0 	0 	0 	0 	0 	0 	0.0117079445722134 	-0.0158072579662443 	-4.29211231487356e-18 	-0.0094541639427034 	4.02338606268859e-18 	-0.00225378062950997
0.594793359290395 	0.0646949727339525 	0.0442597692632054 	0.201381785029568 	0.364330921330469 	0.0326268835305899 	4.19943038528325e-22 	0.458736573927807 	0.0583191328516678 	-0.00382196583040779 	0.0122089410554314 	-0.0165429835161945 	2.0675870987117e-21 	-0.00981776346563693 	-1.20149248106178e-20 	-0.00239117758979447 	0 	0 	0 	0 	0 	0 	0.0122100952092593 	-0.0165878738039272 	2.08391490421601e-21 	-0.00981892883831008 	-1.20062688658286e-20 	-0.00239116637094923
0.624404641301838 	0.0663999343948624 	0.0447909741378044 	0.200995365208871 	0.375789295319494 	0.0327635580765914 	-1.76337284609309e-21 	0.467128397916749 	0.0587660088285331 	-0.00449656398348608 	0.0127353349896967 	-0.0173651612868122 	-1.12009639359766e-20 	-0.0101895655296914 	2.39358783824797e-24 	-0.00254576946000528 	0 	0 	0 	0 	0 	0 	0.0127359437121527 	-0.0174105994326789 	-1.12425414678682e-20 	-0.0101901866126491 	-1.18156918166873e-23 	-0.00254575709950358
0.655100671294777 	0.0680749370129971 	0.0453133344991932 	0.200635377182921 	0.38787394290767 	0.0328085954214377 	7.12463811040227e-21 	0.475754976765315 	0.0590719925688671 	-0.00519380674165415 	0.0132947115981531 	-0.0182567451106916 	6.12867741626373e-20 	-0.0105720620377538 	9.3290787523592e-20 	-0.00272264956039936 	0 	0 	0 	0 	0 	0 	0.0132946595716798 	-0.0183028020603504 	6.14438323104567e-20 	-0.0105720258167405 	9.33029653829652e-20 	-0.00272263375493922
0.686921186764908 	0.0697067055803317 	0.0458240009239723 	0.200349170135217 	0.400665933089091 	0.032733597711249 	-2.80300788098704e-23 	0.484681896852817 	0.0592619689799536 	-0.00586803758223118 	0.0139068070991212 	-0.0192589305486751 	3.84477351926082e-17 	-0.0109732696455166 	-3.18020219993162e-17 	-0.00293353745360462 	0 	0 	0 	0 	0 	0 	0.013905929088575 	-0.0193057099440022 	3.84486213416945e-17 	-0.0109724113673735 	-3.18815083859069e-17 	-0.00293351772120147
0.7199073809088 	0.0712783893709334 	0.0462899017440983 	0.200193931842778 	0.414269331222696 	0.0324938125141102 	5.7604433286877e-17 	0.493889597395204 	0.0594015039680639 	-0.00649134567700818 	0.0146274909147653 	-0.0204181584025632 	6.13278614316817e-16 	-0.0114402090521285 	2.53004338735709e-16 	-0.00318728186263681 	0 	0 	0 	0 	0 	0 	0.0146255839417862 	-0.020465800026596 	6.14717680205332e-16 	-0.0114383213927808 	2.53106352104774e-16 	-0.00318726254900538
0.754101955950493 	0.0727672899341558 	0.0466921864443778 	0.200202850431251 	0.428804644941878 	0.0320363929310098 	-3.30382089046107e-20 	0.503336884593822 	0.0594869555905751 	-0.00677167612893401 	0.0154520008670171 	-0.0217493676728649 	-7.66926016778375e-17 	-0.0119832898320156 	4.96842490966686e-17 	-0.00346871103500157 	0 	0 	0 	0 	0 	0 	0.0154488899601096 	-0.0217980335133037 	-7.66382181303116e-17 	-0.0119801900842626 	4.98474505274443e-17 	-0.003468699875847
0.768737083386392 	0.0733348843365184 	0.0468228284636999 	0.200262852810124 	0.435232533507164 	0.0317411750432087 	-2.45457700011705e-17 	0.507380615529283 	0.0595021557022981 	-0.00662504000323321 	0.0158453307328761 	-0.0223509407647897 	-3.0385590515597e-16 	-0.0122590009897649 	-8.65355813458038e-17 	-0.00358632974311121 	0 	0 	0 	0 	0 	0 	0.0158417081206462 	-0.0224000984798719 	-3.04412785364935e-16 	-0.0122553861198201 	-8.64808978432155e-17 	-0.00358632200082609
0.789587544296712 	0.0741467954686077 	0.0470093772160185 	0.200320399436448 	0.44440835323554 	0.0313378059755881 	-5.87484458950141e-17 	0.513153171413226 	0.0595400407489125 	-0.00641483737412258 	0.0164085329281095 	-0.0231851685030818 	-6.1924903931403e-16 	-0.0126659187598909 	-2.8018029482084e-16 	-0.00374261416821859 	0 	0 	0 	0 	0 	0 	0.0164042343676864 	-0.0232350274043588 	-6.20660806680008e-16 	-0.012661622791047 	-2.80280821840858e-16 	-0.00374261157663936
0.826397941134579 	0.0753701088639947 	0.0472632511363486 	0.200363956062643 	0.461134802104266 	0.0304199154639062 	-2.29752834338908e-21 	0.523550223076434 	0.0595773082879865 	-0.00557140177396622 	0.017373781265956 	-0.0243785425003663 	4.18737034320715e-17 	-0.0134699390359466 	-3.35071854907692e-17 	-0.0039038422300094 	0 	0 	0 	0 	0 	0 	0.0173687493721979 	-0.0244295183242973 	4.18745615917903e-17 	-0.0134649626583095 	-3.35825697611022e-17 	-0.00390378671388848
0.864552619664375 	0.0763794464572329 	0.0475130288511704 	0.199946457863694 	0.47881075175473 	0.0294471621014791 	5.67345681126902e-21 	0.534155583023072 	0.0595245287595243 	-0.00455232776223986 	0.0178157375538589 	-0.0250556426851072 	6.50939491989484e-20 	-0.0138464715547194 	2.54879068010157e-20 	-0.00396926599913943 	0 	0 	0 	0 	0 	0 	0.0178105245170944 	-0.0251070843073253 	6.52287911220521e-20 	-0.0138410990000733 	2.54923019588043e-20 	-0.00396942551702108
0.904100495640695 	0.0771235600530878 	0.0477590231195601 	0.197690908634441 	0.496987598884557 	0.0282368644571367 	2.17715729004838e-21 	0.544844551668463 	0.059345859811352 	-0.00359435280935446 	0.017755124561467 	-0.0246995017000458 	9.37557520518803e-21 	-0.0141010160094863 	5.20971379112524e-20 	-0.00365410855198076 	0 	0 	0 	0 	0 	0 	0.0177511482523733 	-0.0247508166602267 	9.42073855655522e-21 	-0.0140967555984503 	5.21119816414029e-20 	-0.00365439265392298
0.945092250205479 	0.0775616165542826 	0.0478962151036127 	0.193375463032155 	0.515229261729994 	0.0276359456480852 	-2.8699042663322e-21 	0.55613425791152 	0.0590566363635727 	-0.00267658705477647 	0.0142713420115933 	-0.0233422449274738 	-4.61015687545845e-20 	-0.0114593271913007 	3.14916854766586e-20 	-0.00281201482029264 	0 	0 	0 	0 	0 	0 	0.0142710222433399 	-0.0233936723406079 	-4.61889933116073e-20 	-0.0114591668619757 	3.14957361078492e-20 	-0.00281185538136416
0.987580392338913 	0.0777292021487831 	0.047823147490514 	0.189515761353131 	0.534152917039237 	0.0283622121444688 	-4.22520439337072e-21 	0.568088869972033 	0.0586548088783794 	-0.00160707911040939 	0.0126415065367841 	-0.0223210167412882 	-5.47542863120084e-20 	-0.00999726934202414 	-8.64164201910157e-22 	-0.00264423719475993 	0 	0 	0 	0 	0 	0 	0.0126445332781816 	-0.0223726452200359 	-5.48817567570743e-20 	-0.0100005303887932 	-8.78722976358047e-22 	-0.00264400288938838
1.03161932340259 	0.0776420916867985 	0.0475566001067105 	0.187208973007044 	0.553749505331733 	0.0293290250215978 	3.85386550086412e-21 	0.580444179566806 	0.0581477965332014 	-0.000312789807481513 	0.0140424591548097 	-0.0220182338866788 	3.84495140989408e-20 	-0.0110370848939229 	1.61840381885635e-20 	-0.00300537426088674 	0 	0 	0 	0 	0 	0 	0.0140467793267838 	-0.0220695999564829 	3.85374394522773e-20 	-0.0110413878852181 	1.61784559563395e-20 	-0.00300539144156569
1.07726540383317 	0.0772718690277684 	0.0471492674531036 	0.185638096093412 	0.573680226210842 	0.0304330043799632 	3.39756004995611e-21 	0.593199026510658 	0.0575696707818271 	0.0010604415908712 	0.0146036376853986 	-0.0220518207288744 	3.5729532958132e-20 	-0.0114988950493071 	3.96046716689591e-20 	-0.00310474263609157 	0 	0 	0 	0 	0 	0 	0.0146078161843846 	-0.0221028760186834 	3.58218359738791e-20 	-0.0115031339685824 	3.96146631432173e-20 	-0.00310468221580217
1.12457702204508 	0.076607157774776 	0.0465838681050985 	0.184652436358879 	0.594636266686917 	0.0314203793449873 	5.5666356280234e-22 	0.606539795677052 	0.0569221032377325 	0.00211086665153246 	0.016575605179789 	-0.0224847949957284 	1.1991623676976e-21 	-0.0131530534475154 	4.34316668494687e-20 	-0.00342255173227363 	0 	0 	0 	0 	0 	0 	0.0165779636145158 	-0.0225357091369233 	1.20474165688431e-21 	-0.013155426682826 	4.34398356330772e-20 	-0.00342253693168987
1.17361466560079 	0.0755815385922073 	0.0458546063503004 	0.183536228705902 	0.616617428312389 	0.0315968465307998 	-3.23173221909654e-21 	0.620872145874522 	0.056246479342704 	0.0026061802635695 	0.0178019603080152 	-0.0230450975725196 	-4.09411403595332e-20 	-0.0142179597552365 	2.23661908594311e-20 	-0.00358400055277871 	0 	0 	0 	0 	0 	0 	0.0178021218391171 	-0.0230956976956888 	-4.10224683175404e-20 	-0.0142180342692288 	2.23693570922971e-20 	-0.00358408756988832
1.22444099470706 	0.0741238674288989 	0.0450185823867967 	0.181490289103084 	0.639484616515173 	0.0313597116343709 	-7.28578626261296e-21 	0.635931223711518 	0.055540932779101 	0.00280081769052758 	0.0175471354957645 	-0.0230691511824778 	-8.26684286010156e-20 	-0.0141318512707642 	-4.21523274881061e-21 	-0.00341528422500028 	0 	0 	0 	0 	0 	0 	0.0175462801066353 	-0.0231189741805613 	-8.28430542232324e-20 	-0.014130985771747 	-4.22377727171321e-21 	-0.00341529433488826
1.27712091809509 	0.0721934915381093 	0.0440730809132944 	0.178829542453927 	0.662854245038942 	0.0310877740520455 	-1.99621265210271e-21 	0.651533890891029 	0.0547928018893362 	0.00301598129056042 	0.0171922364046157 	-0.0224204139333927 	-2.04096933278191e-20 	-0.0138165580570847 	-6.06389860034157e-20 	-0.00337567834753092 	0 	0 	0 	0 	0 	0 	0.0171912669095622 	-0.0224688217865009 	-2.04758190042904e-20 	-0.0138156444299137 	-6.06493813782735e-20 	-0.00337562247964853
1.33172167134185 	0.0697646579249863 	0.0429852962988606 	0.175946633855458 	0.686174778001208 	0.0308536107298064 	-1.80311711039586e-21 	0.667763705347762 	0.0539849507567242 	0.00332003183860858 	0.0167119652617213 	-0.0213523828329698 	-2.70067941098082e-20 	-0.0133978940616992 	-4.08783593434515e-20 	-0.00331407120002208 	0 	0 	0 	0 	0 	0 	0.0167111849664578 	-0.0213987359206339 	-2.70727791388399e-20 	-0.0133971050308878 	-4.08810366588839e-20 	-0.00331407993556998
1.38831289768847 	0.0668514726717647 	0.041783368942246 	0.172452603679383 	0.709239132673527 	0.0306170588760572 	-5.92114036875508e-21 	0.684186643575859 	0.0530765265345633 	0.00375901025166885 	0.0154704173239233 	-0.0200196568109876 	-7.30634880741365e-20 	-0.0124011751223609 	-9.4044004203761e-21 	-0.00306924220156236 	0 	0 	0 	0 	0 	0 	0.0154699234671407 	-0.0200635720637516 	-7.32188648674828e-20 	-0.0124006279001684 	-9.41402364318698e-21 	-0.00306929556697228
1.44696673141047 	0.0635176384599505 	0.0404848298823666 	0.168142794288682 	0.731685522523157 	0.030503794559757 	2.90086102121762e-21 	0.700693172159435 	0.052077399330474 	0.00421222891887936 	0.0131141759222915 	-0.018773602250748 	-8.28740841341045e-17 	-0.0106449119401303 	9.74937450398279e-17 	-0.00246926398216119 	0 	0 	0 	0 	0 	0 	0.0131139476546042 	-0.0188153239888573 	-8.28756026600842e-17 	-0.0106447109267547 	9.77191227403948e-17 	-0.00246923672784948
1.50775788379201 	0.0598922565828644 	0.0390609712121718 	0.163590483111733 	0.754020457623405 	0.0305106899969191 	-2.78588655440179e-16 	0.717434691187931 	0.0509329317117682 	0.00401586169429665 	0.0103997910876532 	-0.0179337250718469 	-3.64748036049211e-15 	-0.00854977808860726 	-1.26592470134409e-15 	-0.00185001299904596 	0 	0 	0 	0 	0 	0 	0.0103995175566046 	-0.0179739949519598 	-3.65609075069707e-15 	-0.00854948425555495 	-1.26625428072139e-15 	-0.00185003330104963
1.57076373175446 	0.0561071530853867 	0.0374919694173175 	0.158717710811035 	0.776895339891433 	0.0302972658836184 	2.55712406833453e-17 	0.734576682463119 	0.0495966428953915 	0.00333076486599043 	0.00787894090529582 	-0.017254604717318 	2.5170526478353e-16 	-0.00627603399409685 	-1.80135434367206e-16 	-0.00160290691119897 	0 	0 	0 	0 	0 	0 	0.00787847329450019 	-0.0172938681252953 	2.52150533177006e-16 	-0.00627547505218838 	-1.80529323793758e-16 	-0.0016029982423118
1.63606440918557 	0.0522145783883342 	0.0356960428613923 	0.153314282572877 	0.800183770721226 	0.0300763923845404 	2.77734705212107e-16 	0.752230825577211 	0.0482037579716112 	0.00300899609192076 	0.00404318437656342 	-0.0162284716547206 	3.49325462176012e-15 	-0.00315105671272327 	1.28308746021265e-15 	-0.000892127663840152 	0 	0 	0 	0 	0 	0 	0.0040429512913997 	-0.0162664974580733 	3.50157869529098e-15 	-0.00315082088998134 	1.28341562746976e-15 	-0.000892130401418367
1.70180538886582 	0.0484107747921004 	0.0337173142832355 	0.148448702334128 	0.822777168439634 	0.0301412088280707 	7.46962015496341e-18 	0.769567565314553 	0.0468809655116523 	0.00280687021504868 	0.000889095092790699 	-0.0150102746519854 	8.39830601148501e-17 	-0.000683449814263345 	1.11939269876514e-16 	-0.000205645278527355 	0 	0 	0 	0 	0 	0 	0.00088885487387569 	-0.0150464347229691 	8.42069182124609e-17 	-0.000683262322849296 	1.1212870072749e-16 	-0.000205592551026394
1.70374520701698 	0.0482985371266105 	0.033659046684861 	0.148304092219741 	0.823444030590035 	0.0301433956894377 	-1.38520567618653e-20 	0.770079715722093 	0.0468415188530648 	0.00280108744510177 	0.000795589993471752 	-0.0149740762910862 	-1.08257033079165e-17 	-0.000610096944335844 	7.73434997864439e-17 	-0.000185493049135908 	0 	0 	0 	0 	0 	0 	0.000795350128928595 	-0.0150101817745793 	-1.08274492175437e-17 	-0.000609911437431012 	7.752873963978e-17 	-0.000185438691497583
1.77395075874557 	0.0444769645243426 	0.0314857512194835 	0.14438046950813 	0.845785423861367 	0.0299679708061655 	-1.87716215454698e-20 	0.787647033579897 	0.0453973197277284 	0.00214776945880701 	-9.9742159666406e-05 	-0.0137375247288301 	-2.52793251992115e-19 	0.000183632480911046 	-1.12620559566874e-20 	-8.38903212446403e-05 	0 	0 	0 	0 	0 	0 	-0.000100803539922221 	-0.0137709601572473 	-2.53408749265619e-19 	0.000184692449278915 	-1.12786823143997e-20 	-8.38889093566939e-05
1.84666973275726 	0.0408167462643396 	0.029249631851047 	0.141123940217052 	0.866729109958418 	0.0293260696514215 	-1.64259930993106e-20 	0.804743528876684 	0.0437586640868193 	0.00130952643307985 	-0.000598442387272987 	-0.0123815037240077 	-2.19029426351855e-19 	0.000650217308875963 	-1.27804230379276e-20 	-5.17749216029759e-05 	0 	0 	0 	0 	0 	0 	-0.00060033879827881 	-0.0124118961132537 	-2.19564734482251e-19 	0.000652148371071958 	-1.28077516333237e-20 	-5.18095727931488e-05
1.92198944367759 	0.0373637467897772 	0.027018412713112 	0.137975142385746 	0.886191572924254 	0.0284206286406529 	-2.40968646008981e-21 	0.821363229895346 	0.0418991950148832 	0.000650718504476207 	-0.000874136070350212 	-0.0109500932295307 	-3.32644720669251e-20 	0.000898755182611989 	-6.67949207658607e-21 	-2.4619112261777e-05 	0 	0 	0 	0 	0 	0 	-0.000876614732032619 	-0.0109774206777117 	-3.33468511570121e-20 	0.000901237352396984 	-6.69321658302616e-21 	-2.46226203643653e-05
2 	0.0345164108305308 	0.0251141030261303 	0.135254802165186 	0.902082256576674 	0.0274689022933699 	7.00004145729847e-22 	0.835565174635023 	0.0401759403491304 	0.000259816278900164 	-0.00109262213130665 	-0.00966418209161911 	9.54800532509969e-21 	0.00110966034389982 	-2.8230489874652e-22 	-1.70382125931763e-05 	0 	0 	0 	0 	0 	0 	-0.00109558064308074 	-0.00968879306575131 	9.57201510322168e-21 	0.0011126344863253 	-2.83073495065884e-22 	-1.70538432445652e-05
2.04048019216691 	0.032653999889589 	0.023852382081217 	0.133477781054738 	0.912276184504321 	0.0266284622274718 	0 	0.844865704027665 	0.0387860244685243 	5.14801957215706e-06 	-0.00123072706656076 	-0.00877421165238162 	-4.89059440757884e-25 	0.00123602515068093 	2.23618987866427e-22 	-5.29808412016625e-06 	0 	0 	0 	0 	0 	0 	-0.00123394961955946 	-0.00879698268223868 	-4.89059456483323e-25 	0.00123925663443536 	2.24193641586994e-22 	-5.307014875898e-06
2.07952987991697 	0.0312582759286037 	0.0229153745678996 	0.13205650344794 	0.919877623967311 	0.0259591774099727 	0 	0.851929754114838 	0.0376848552227246 	-0.000235905411353924 	-0.00128101920015263 	-0.00811246109704782 	0 	0.00127809870270152 	0 	2.92049745111646e-06 	0 	0 	0 	0 	0 	0 	-0.00128442533810062 	-0.00813388070513179 	0 	0.00128149335630564 	0 	2.93198179498091e-06
2.11719961495896 	0.0299810951170527 	0.0220456910779313 	0.130770983273045 	0.926745766622443 	0.0252556327119202 	0 	0.858507471776248 	0.0365922995484562 	-0.000424690618957274 	-0.00133162139479325 	-0.00748549313696736 	0 	0.00133377131105049 	0 	-2.14991625724425e-06 	0 	0 	0 	0 	0 	0 	-0.00133522517293594 	-0.00750564313577403 	0 	0.00133737782847546 	0 	-2.15265553951143e-06
2.15353816258619 	0.0288071194099711 	0.0212174287179706 	0.129583937263391 	0.932957249041389 	0.0245452966187544 	0 	0.864550658360982 	0.0355081639335536 	-0.000696802755973079 	-0.00136340523687431 	-0.00689792296556829 	0 	0.00136441426893884 	0 	-1.00903206452509e-06 	0 	0 	0 	0 	0 	0 	-0.00136717014127045 	-0.00691689400869925 	0 	0.00136817967465547 	0 	-1.00953338502557e-06
2.1885925648055 	0.0277229924362819 	0.0204252531196836 	0.128485182332602 	0.938579589712928 	0.0238323369304361 	0 	0.870095292145205 	0.0344298173650819 	-0.00109077209321805 	-0.00138187247929867 	-0.00634758863993851 	0 	0.00138305335091193 	0 	-1.18087161325807e-06 	0 	0 	0 	0 	0 	0 	-0.00138578152709151 	-0.00636546091738805 	0 	0.00138696238744815 	0 	-1.18086035663967e-06
2.22240820123539 	0.0267171289892731 	0.0196809585181873 	0.127469177546951 	0.943671020852028 	0.0231199811618544 	0 	0.87520589345643 	0.0333595952128437 	-0.00156353733529426 	-0.00139028782997031 	-0.00583114603669962 	0 	0.00139189920694061 	0 	-1.61137697029073e-06 	0 	0 	0 	0 	0 	0 	-0.00139432376057032 	-0.0058479895805364 	0 	0.00139593532490889 	0 	-1.61156433857214e-06
2.25502884785218 	0.0257795823341955 	0.0189959253104612 	0.126530202104689 	0.948282722239504 	0.0224124547370547 	0 	0.879922925751211 	0.0322991463938105 	-0.00198976983699328 	-0.00139159946179763 	-0.00534544782880613 	0 	0.0013924820011183 	0 	-8.82539320669343e-07 	0 	0 	0 	0 	0 	0 	-0.00139574482982486 	-0.00536132383841213 	0 	0.0013966273035466 	0 	-8.82473721739964e-07
2.28649673366009 	0.0249018862179924 	0.0183728994900863 	0.125664227674892 	0.952459392780427 	0.0217131760350837 	0 	0.884210618902316 	0.0312510676484146 	-0.00229228435692528 	-0.00138358638350657 	-0.00488870879020784 	0 	0.00138383306565219 	0 	-2.46682145625273e-07 	0 	0 	0 	0 	0 	0 	-0.00138782627994597 	-0.00490366808513413 	0 	0.00138807281102046 	0 	-2.46531074495627e-07
2.31685259535872 	0.0240768358319072 	0.0178069145272595 	0.124866884742828 	0.956238875648467 	0.0210243808577568 	0 	0.88809825251217 	0.0302240262284057 	-0.00258210989151598 	-0.00136634465966961 	-0.00445855877643237 	0 	0.00136658210291232 	0 	-2.3744324270766e-07 	0 	0 	0 	0 	0 	0 	-0.00137066615164434 	-0.00447264182141379 	0 	0.00137090364852039 	0 	-2.37496876050604e-07
2.34613573007873 	0.0232983030157406 	0.0172953885342667 	0.124132799078648 	0.959653634313901 	0.0203481661524813 	0 	0.891715805269462 	0.0292210120336037 	-0.00280815193281261 	-0.00134260034819707 	-0.00405226112144732 	0 	0.00134275571902539 	0 	-1.5537082832778e-07 	0 	0 	0 	0 	0 	0 	-0.00134699148340185 	-0.00406549998453282 	0 	0.0013471469277248 	0 	-1.55444322950491e-07
2.3743840462538 	0.0225610934967003 	0.0168303760294523 	0.123457139552838 	0.962731806561661 	0.0196862977956646 	0 	0.895140076754918 	0.0282400421336891 	-0.00298345639771691 	-0.00131317030556062 	-0.00366799810617044 	0 	0.00131325541628756 	0 	-8.51107269387362e-08 	0 	0 	0 	0 	0 	0 	-0.00131762063417426 	-0.00368041706768002 	0 	0.00131770576570542 	0 	-8.51315311581287e-08
2.40163411269502 	0.0218608029677756 	0.0163975575544001 	0.12283570103006 	0.965497530427244 	0.0190399401796633 	0 	0.898310237980725 	0.0272812609343429 	-0.00318581827701175 	-0.00127894840438986 	-0.00330402759148807 	0 	0.00127902243170823 	0 	-7.40273183715892e-08 	0 	0 	0 	0 	0 	0 	-0.00128344897649867 	-0.00331564330084999 	0 	0.00128352304046715 	0 	-7.40639684893863e-08
2.42792120593089 	0.0211936943299691 	0.015991092988573 	0.122264480529004 	0.967971504119637 	0.0184099920879437 	0 	0.901127224296522 	0.0263496732991927 	-0.00337705161230566 	-0.00124094896960807 	-0.00295869336330815 	0 	0.00124099555347468 	0 	-4.65838666037616e-08 	0 	0 	0 	0 	0 	0 	-0.00124549198227899 	-0.00296951516508779 	0 	0.00124553859026179 	0 	-4.66079828054037e-08
2.45327935587456 	0.0205565954696546 	0.0156139483923492 	0.121739765700347 	0.970171374023458 	0.0177970865640468 	0 	0.903642595262051 	0.0254524031173378 	-0.00347480262163265 	-0.00119979640023661 	-0.00263061932557336 	0 	0.00119983238502524 	0 	-3.5984788628388e-08 	0 	0 	0 	0 	0 	0 	-0.00120437524216199 	-0.00264064924544584 	0 	0.00120441124746015 	0 	-3.60052981613462e-08
2.47774138987717 	0.0199468106857483 	0.0152694171995742 	0.121258054593537 	0.972112023951243 	0.0172015662604116 	0 	0.90588203987759 	0.0245876516904001 	-0.00345031061161665 	-0.00115617589318903 	-0.00231852610772985 	0 	0.00115621667064592 	0 	-4.0777456887987e-08 	0 	0 	0 	0 	0 	0 	-0.00116078501204555 	-0.00232775893720076 	0 	0.00116082582916972 	0 	-4.08171241718266e-08
2.50133897522445 	0.0193620477077792 	0.0149569389531564 	0.120816038373366 	0.973805944626704 	0.0166236123574032 	0 	0.90781549061758 	0.0237492437136758 	-0.00333956305519098 	-0.00111084682595047 	-0.00202122003424996 	0 	0.00111086712791815 	0 	-2.03019676792947e-08 	0 	0 	0 	0 	0 	0 	-0.00111548153944362 	-0.0020296433311826 	0 	0.00111550186757639 	0 	-2.03281327635496e-08
2.52410266013156 	0.0188003585413159 	0.0146759420079371 	0.120410713167184 	0.975263448021459 	0.0160632525087915 	0 	0.909471357916177 	0.022935945962543 	-0.00315675816816738 	-0.00106423985460929 	-0.00173772497077074 	0 	0.00106424747822662 	0 	-7.62361733062854e-09 	0 	0 	0 	0 	0 	0 	-0.00106889635556433 	-0.00174531862548542 	0 	0.00106890399059924 	0 	-7.63503490971218e-09
2.54606191328919 	0.0182600886743457 	0.0144262888540917 	0.120039302726456 	0.976492774791236 	0.0155203474620409 	0 	0.910855138261711 	0.0221476505768262 	-0.00294173430858145 	-0.00101678563505992 	-0.0014671176360375 	0 	0.00101679236493058 	0 	-6.72987066152723e-09 	0 	0 	0 	0 	0 	0 	-0.00102146092508267 	-0.00147385338427437 	0 	0.00102146767561159 	0 	-6.75052892116452e-09
2.56724516201227 	0.0177398359240575 	0.0142040927174122 	0.119699175723848 	0.977500264291685 	0.014994658775115 	0 	0.911926038847232 	0.0213806986572629 	-0.00271273390008939 	-0.0009689380426866 	-0.00120855262284617 	0 	0.000968944762507327 	0 	-6.71982072695216e-09 	0 	0 	0 	0 	0 	0 	-0.000973629814158133 	-0.00121439357499284 	0 	0.000973636560609049 	0 	-6.74645091550208e-09
2.58767982904046 	0.0172384174689182 	0.0140068112917446 	0.119387880381475 	0.978290479947634 	0.0144858656151675 	0 	0.912637197224538 	0.020631475496413 	-0.00246080570107989 	-0.000921067483597918 	-0.000961285842152069 	0 	0.000921073188153321 	0 	-5.70455540292659e-09 	0 	0 	0 	0 	0 	0 	-0.000925774087518886 	-0.000966185787452088 	0 	0.00092577981930717 	0 	-5.73178828325868e-09
2.60739236803822 	0.0167548429031719 	0.013833495585242 	0.119103152829136 	0.978866276142609 	0.0139935684313066 	0 	0.91299201388058 	0.019900918209583 	-0.0021585346586536 	-0.00087349758981235 	-0.000724645180862112 	0 	0.000873502972285224 	0 	-5.38247287403958e-09 	0 	0 	0 	0 	0 	0 	-0.000878218002947908 	-0.000728547677636419 	0 	0.000878223415617893 	0 	-5.41266998413546e-09
2.62640829784037 	0.0162882924828391 	0.0136771806663033 	0.118842895021011 	0.979228841800296 	0.0135173099144386 	0 	0.912997901257746 	0.0191926978843171 	-0.00183285716149922 	-0.000826509137304461 	-0.000498022538479758 	0 	0.000826514438446153 	0 	-5.30114169110736e-09 	0 	0 	0 	0 	0 	0 	-0.000831242925260429 	-0.000500859821968061 	0 	0.000831248260574291 	0 	-5.33531386185604e-09
2.64475223548742 	0.015838099736356 	0.0135298265775589 	0.118605161017239 	0.979377719155723 	0.0130565856040507 	0 	0.912649458705204 	0.018506580991202 	-0.00151175248093875 	-0.000780345730469507 	-0.000280868651599796 	0 	0.000780351174050998 	0 	-5.44358149128736e-09 	0 	0 	0 	0 	0 	0 	-0.000785093037344105 	-0.000282560328999524 	0 	0.000785098519952512 	0 	-5.48260840741692e-09
2.66244792809357 	0.0154037376145365 	0.0133895302165253 	0.118388146087014 	0.979310797429759 	0.0126108518969891 	0 	0.911949746431702 	0.0178420379258726 	-0.00118110939800511 	-0.000735220736627923 	-7.26902160380501e-05 	0 	0.000735226613063975 	0 	-5.87643605239122e-09 	0 	0 	0 	0 	0 	0 	-0.00073998228592422 	-7.31417243954207e-05 	0 	0.00073998820685225 	0 	-5.92092802992946e-09
2.67951828358848 	0.0149848073841766 	0.0132598715527798 	0.118190178077358 	0.979024284833318 	0.012179533225193 	0 	0.910910686199806 	0.0171998873988874 	-0.000872738934954653 	-0.000691319743580058 	0.000126954061977092 	0 	0.000691326017177019 	0 	-6.27359696061121e-09 	0 	0 	0 	0 	0 	0 	-0.000696096846869104 	0.000127853242383005 	0 	0.000696103169024791 	0 	-6.32215568730147e-09
2.69598540037265 	0.014581029703818 	0.0131411007434705 	0.118009709733199 	0.978512665468528 	0.0117620278744478 	0 	0.909525972024005 	0.016578329485573 	-0.000595414529063966 	-0.000648803048359756 	0.000318457392149317 	0 	0.000648810264627375 	0 	-7.21626761923936e-09 	0 	0 	0 	0 	0 	0 	-0.0006535976354935 	0.000320835775442785 	0 	0.000653604906817628 	0 	-7.2713241279599e-09
2.71187059592494 	0.0141922372248381 	0.0130287993634298 	0.117845305892599 	0.977768644209922 	0.0113577078771831 	0 	0.90780977491592 	0.0159753403424581 	-0.000320192642945893 	-0.000607803393659322 	0.000502174217650793 	0 	0.000607813022199073 	0 	-9.62853975042065e-09 	0 	0 	0 	0 	0 	0 	-0.000612618049051536 	0.000506180679466498 	0 	0.000612627745162591 	0 	-9.69611105454413e-09
2.72719443439902 	0.0138183680592221 	0.0129245112828539 	0.117695636149236 	0.97678306101093 	0.0109659254221058 	0 	0.90582216397712 	0.0153899362474175 	-3.30629574412795e-05 	-0.000568448824562145 	0.000678396645897164 	0 	0.00056845956822326 	0 	-1.07436611152108e-08 	0 	0 	0 	0 	0 	0 	-0.000573286813211045 	0.000684203130743763 	0 	0.00057329763205196 	0 	-1.08188409150078e-08
2.74197675324468 	0.0134594596048639 	0.0128316349588857 	0.117559480208013 	0.975544802565768 	0.0105860190076275 	0 	0.903518376459985 	0.0148209467711562 	0.000272601664196257 	-0.000530831897838141 	0.000847384669123283 	0 	0.000530842654101551 	0 	-1.07562634108121e-08 	0 	0 	0 	0 	0 	0 	-0.000535697234756774 	0.000855189133452437 	0 	0.000535708073570404 	0 	-1.08388136300736e-08
2.75623668888838 	0.0131156418214251 	0.0127473175837855 	0.117435717453202 	0.974040729105575 	0.010217303222662 	0 	0.900869248955019 	0.0142675809605398 	0.000583592180333625 	-0.000495006707799688 	0.00100936451386665 	0 	0.000495018084264885 	0 	-1.13764651971106e-08 	0 	0 	0 	0 	0 	0 	-0.000499904221001923 	0.00101939423256378 	0 	0.000499915687776305 	0 	-1.14667743823268e-08
2.76999270150626 	0.0127871292002281 	0.0126704732911217 	0.117323313356936 	0.972255566925848 	0.00985908189016029 	0 	0.897945498326374 	0.0137284256500376 	0.000859961472728083 	-0.000461041218250361 	0.00116449856044616 	0 	0.000461053390936665 	0 	-1.21726863040731e-08 	0 	0 	0 	0 	0 	0 	-0.000465976616917817 	0.00117701385705145 	0 	0.000465988892047135 	0 	-1.22751293184771e-08
2.78326259892174 	0.0124742108289326 	0.0126016780524853 	0.117221307097804 	0.970171805951569 	0.00951063696010542 	0 	0.894718119100714 	0.0132018381674672 	0.00112245289715373 	-0.0004289498132198 	0.00131292559157322 	0 	0.000428964918054212 	0 	-1.51048344124048e-08 	0 	0 	0 	0 	0 	0 	-0.000433929769184159 	0.00132822386819611 	0 	0.000433945008254663 	0 	-1.52390705042088e-08
2.79606355965862 	0.01217723735155 	0.0125417100800412 	0.117128804972124 	0.967769614900144 	0.00917123669551336 	0 	0.891113016217618 	0.0126878326042396 	0.00138329574159179 	-0.000398785605966763 	0.00145473269915471 	0 	0.000398802030005325 	0 	-1.64240385623034e-08 	0 	0 	0 	0 	0 	0 	-0.000403817745049424 	0.00147315278491426 	0 	0.000403834318434904 	0 	-1.65733854800262e-08
2.80841215517947 	0.0118966044605667 	0.0124917266231815 	0.117045003287697 	0.965026757855474 	0.00884015496608985 	0 	0.887182548653181 	0.0121881972148234 	0.00162630852907006 	-0.000370542905439697 	0.00158998051978181 	0 	0.000370559948535346 	0 	-1.70430956495818e-08 	0 	0 	0 	0 	0 	0 	-0.000375635871585997 	0.00161190722798832 	0 	0.000375653077189912 	0 	-1.72056039141584e-08
2.82032437133825 	0.0116327317413799 	0.0124488712586665 	0.116969177161891 	0.961918556217955 	0.00851664181884572 	0 	0.882939158349378 	0.0117039402721121 	0.00187877507372709 	-0.000344163432105485 	0.0017187075450879 	0 	0.000344184864211579 	0 	-2.14321060936998e-08 	0 	0 	0 	0 	0 	0 	-0.000349326911114545 	0.00174457642600759 	0 	0.000349348543490548 	0 	-2.16323760025247e-08
2.8318156290747 	0.0113860365197062 	0.0124096425729238 	0.116900661980702 	0.958417864408749 	0.00819995623881361 	0 	0.878336977073228 	0.0112308462900466 	0.00214671527116503 	-0.000319626526509989 	0.00184091232349867 	0 	0.000319648616891755 	0 	-2.20903817659485e-08 	0 	0 	0 	0 	0 	0 	-0.000324871132261925 	0.00187121467183391 	0 	0.000324893429195101 	0 	-2.22969331766407e-08
2.84290080437757 	0.0111569031590336 	0.0123710256217148 	0.116838867042968 	0.954495065614877 	0.00788937853602023 	0 	0.87338378086043 	0.0107654893095337 	0.0024080733265327 	-0.000296833587668616 	0.00195659466070731 	0 	0.000296858891731724 	0 	-2.53040631086639e-08 	0 	0 	0 	0 	0 	0 	-0.000302170862703324 	0.00199188270054134 	0 	0.000302196381025084 	0 	-2.55183217606368e-08
2.85359424754224 	0.0109456475163408 	0.0123337370857551 	0.116783245258931 	0.950118096849831 	0.00758418381832908 	0 	0.868070774108052 	0.0103083398108477 	0.00265785868109603 	-0.00027568119171386 	0.00206574979467399 	0 	0.000275724100107614 	0 	-4.2908393753984e-08 	0 	0 	0 	0 	0 	0 	-0.000281123529520448 	0.00210664221317629 	0 	0.000281166741085519 	0 	-4.32115650710859e-08
2.86390980174789 	0.0107524778877345 	0.0123003907891235 	0.116733265726765 	0.94525245807508 	0.00728367197414066 	0 	0.862400520061326 	0.00985804757963333 	0.00288042848818597 	-0.000256127247142191 	0.00216837254569066 	0 	0.000256185148554277 	0 	-5.79014120856888e-08 	0 	0 	0 	0 	0 	0 	-0.000261687597385061 	0.00221556050415646 	0 	0.000261745881892465 	0 	-5.82845074036285e-08
2.87386082097819 	0.0105774544782422 	0.0122702901058217 	0.116688467359826 	0.939861223566686 	0.00698721192481118 	0 	0.856424860262999 	0.00941474993023875 	0.00306056488239197 	-0.000238116349218039 	0.00226446638288258 	0 	0.000238168183498306 	0 	-5.18342802662237e-08 	0 	0 	0 	0 	0 	0 	-0.000243808148570106 	0.00231872000412375 	0 	0.000243860294805268 	0 	-5.21462351619331e-08
2.88346018730867 	0.0104204475868106 	0.0122416387445601 	0.116648486270105 	0.933905049414334 	0.00669421401180774 	0 	0.850106920061553 	0.00897856598142851 	0.0032039365951455 	-0.00022148994160141 	0.00235404429364427 	0 	0.000221546010862807 	0 	-5.60692613969519e-08 	0 	0 	0 	0 	0 	0 	-0.000227327774605227 	0.00241621999032732 	0 	0.000227384224537854 	0 	-5.64499326273362e-08
2.89272032758315 	0.0102810921622117 	0.0122134054391081 	0.116612949654307 	0.92734211570865 	0.00640400237506021 	0 	0.843445640926032 	0.00854649440381621 	0.00333040994437563 	-0.000206120561817371 	0.00243709668779993 	0 	0.00020625217610378 	0 	-1.31614286408254e-07 	0 	0 	0 	0 	0 	0 	-0.000212121603603655 	0.00250814587614936 	0 	0.000212254860289394 	0 	-1.33256685739276e-07
2.90165322950093 	0.010158736113429 	0.0121840596473937 	0.116581488940215 	0.9201279814832 	0.00611567271434027 	0 	0.836460640727613 	0.00811710824769817 	0.00343576926190593 	-0.000191939355688374 	0.002513526617844 	0 	0.000192124073272922 	0 	-1.84717584548729e-07 	0 	0 	0 	0 	0 	0 	-0.000198121595508874 	0.00259450590889439 	0 	0.000198308222675617 	0 	-1.86627166743e-07
2.91027045713544 	0.0100523797515505 	0.0121518240939757 	0.116554497954749 	0.912215394535681 	0.00582901758402585 	0 	0.829147664266368 	0.0076888008024015 	0.00351009522256192 	-0.000178770394490726 	0.00258304417519166 	0 	0.000178502569845202 	0 	2.67824645523819e-07 	0 	0 	0 	0 	0 	0 	-0.000185141917630012 	0.00267512579386876 	0 	0.000184859835568682 	0 	2.82082061329607e-07
2.9185831659045 	0.0099606069439041 	0.0121150510850224 	0.116533102439553 	0.903554270812745 	0.00554682973686528 	0 	0.821529436423257 	0.00726218962426 	0.00356122481901409 	-0.000166653180656133 	0.00264506932946125 	0 	0.000165669424686101 	0 	9.83755970032112e-07 	0 	0 	0 	0 	0 	0 	-0.000173234919029935 	0.00274954994975958 	0 	0.000172207753813218 	0 	1.02716521671688e-06
2.92660211701151 	0.00988149928495215 	0.0120712818607914 	0.116510622568189 	0.894091935043253 	0.00526720110527853 	0 	0.813571333722282 	0.00683927471656057 	0.00356771752001597 	-0.000160480060333006 	0.00269851741972793 	0 	0.000163382558260503 	0 	-2.90249792749753e-06 	0 	0 	0 	0 	0 	0 	-0.000167525247841978 	0.00281682363310485 	0 	0.000170560557288097 	0 	-3.03530944611822e-06
2.93433769137638 	0.00981255221290712 	0.0120183966781441 	0.116460540787879 	0.883773679076042 	0.00493865606904606 	0 	0.805220673879956 	0.00641760564632706 	0.00354528889877059 	-0.000168814106210579 	0.00274165758987877 	0 	0.000188634400675538 	0 	-1.98202944649583e-05 	0 	0 	0 	0 	0 	0 	-0.00017707549150096 	0.00287534611536972 	0 	0.000197892492141127 	0 	-2.08170006401677e-05
2.94179990307414 	0.00975065121249457 	0.0119562918454902 	0.116415319671163 	0.872543505018335 	0.00444772461244182 	0 	0.796443793314321 	0.00599612374095282 	0.00350733911343509 	-0.000120292014086383 	0.00277227528645841 	0 	9.91625818491351e-05 	0 	2.11294322372477e-05 	0 	0 	0 	0 	0 	0 	-0.000126675400135083 	0.00292303930781966 	0 	0.000104232111990024 	0 	2.24432881450587e-05
2.94899841229863 	0.00969288701375272 	0.0118866068240178 	0.116782779488425 	0.86034352522029 	0.00462282233872368 	0 	0.7871966650107 	0.00557810435582718 	0.00345134541476427 	-8.40849780868166e-05 	0.00273508625268624 	0 	3.36401682978362e-05 	0 	5.04448097889805e-05 	0 	0 	0 	0 	0 	0 	-8.93029755786449e-05 	0.00290137669646481 	0 	3.58665806779394e-05 	0 	5.34363949007055e-05
2.95594253786806 	0.00964462695190058 	0.0118106567071512 	0.117474190600365 	0.847608953244054 	0.00451578429717613 	0 	0.777436625245063 	0.00516257794063659 	0.00339362476308645 	0.00134133880721395 	0.0028533412769419 	0 	-0.000987540233466373 	0 	-0.000353798573747574 	0 	0 	0 	0 	0 	0 	0.00132907185460192 	0.00303378913377088 	0 	-0.000971758838328313 	0 	-0.000357313016273608
2.96264126928874 	0.00954677769148289 	0.0117269100830619 	0.117430812897932 	0.834253804518721 	0.00326938309819801 	0 	0.767028094239546 	0.00474693257256329 	0.00331212873392607 	0.00134993989631556 	0.00285362081549379 	0 	-0.000995311989927572 	0 	-0.000354627906387983 	0 	0 	0 	0 	0 	0 	0.00133736850623573 	0.00305837947847147 	0 	-0.000979409929443808 	0 	-0.000357958576791919
2.96910327839237 	0.00939361023147752 	0.0116336737196057 	0.116740473982816 	0.819094631719709 	0.00313492872747158 	0 	0.755938672082895 	0.00433452923821059 	0.00318926926975332 	-6.75262419741459e-05 	0.0027195562414026 	0 	2.81650660577683e-05 	0 	3.93611759163776e-05 	0 	0 	0 	0 	0 	0 	-7.35485905789764e-05 	0.00296061204075353 	0 	3.05685787137554e-05 	0 	4.2980011865221e-05
2.97533693056215 	0.00923540135227929 	0.0115299701102351 	0.116412184338635 	0.801880970388834 	0.00333955806006773 	0 	0.743913349415886 	0.00392584664202721 	0.00302913045609864 	-7.88164341834508e-05 	0.00273534756085791 	0 	6.19988599662752e-05 	0 	1.68175742171756e-05 	0 	0 	0 	0 	0 	0 	-8.73203680278235e-05 	0.00301544218634058 	0 	6.90285708279199e-05 	0 	1.82917971999036e-05
2.98135029556221 	0.00905913210075783 	0.011417830163415 	0.116438542477288 	0.782803011826938 	0.00280103951735309 	0 	0.730642127694505 	0.00351980864914673 	0.00286006583563128 	-9.60236598210886e-05 	0.00269621870626094 	0 	0.00010852227511125 	0 	-1.24986152901613e-05 	0 	0 	0 	0 	0 	0 	-0.0001076684433259 	0.0030202698211248 	0 	0.000121535167753318 	0 	-1.38667244274178e-05
2.98715115798429 	0.00885700751240152 	0.0113009259240606 	0.116468607732923 	0.761393038643946 	0.00243366026109425 	0 	0.715917945567955 	0.00311851321085079 	0.00267612915289367 	-7.23457207812226e-05 	0.00264652817932706 	0 	7.37872787582647e-05 	0 	-1.44155797704211e-06 	0 	0 	0 	0 	0 	0 	-8.29776040519345e-05 	0.00302690573185262 	0 	8.45009248066437e-05 	0 	-1.5233207547092e-06
2.99274702732526 	0.0086180273051595 	0.0111688488151499 	0.116478615538744 	0.736977123079215 	0.0021466134612045 	0 	0.698890306110933 	0.00272181886524532 	0.00246264925034482 	-5.8913393238903e-05 	0.00258262854103588 	0 	5.97028443637345e-05 	0 	-7.89451124831587e-07 	0 	0 	0 	0 	0 	0 	-6.97540472740572e-05 	0.00303736759957471 	0 	7.05849622290586e-05 	0 	-8.30914955001466e-07
2.99814514770852 	0.00832662080788552 	0.0110127005151123 	0.116468015936464 	0.708570223114743 	0.00179984834445945 	0 	0.67886139470233 	0.00232965433471104 	0.00222648853721939 	-5.26364638280657e-05 	0.00249741345830636 	0 	6.63566350065256e-05 	0 	-1.37201711784599e-05 	0 	0 	0 	0 	0 	0 	-6.65094620980085e-05 	0.00305349784697649 	0 	8.30881350947732e-05 	0 	-1.65786729967647e-05
3.00335250726192 	0.00796187097846333 	0.0108335961051678 	0.116438245066778 	0.674697342282878 	0.00106055466736746 	0 	0.654951752504806 	0.00194469104900871 	0.0020005939880445 	-2.34537977984138e-05 	0.00237728459129834 	0 	2.67224069783406e-05 	0 	-3.26860917992682e-06 	0 	0 	0 	0 	0 	0 	-3.36431182466691e-05 	0.00307593829488293 	0 	3.59273002484628e-05 	0 	-2.28418200179372e-06
