0.448156284296267 	1e-15 	1e-15 	-0.0541723113473706 	0 	0 	0 	0 	0 	0 	4.0125955366285e-18 	9.56733003562051e-19 	-5.69625930430302e-34 	-3.98594420612458e-18 	-7.36041260999582e-34 	-2.66513305039241e-20 	0 	0 	0 	0 	0 	0 	0.000446776508023542 	0.000116549717899069 	-6.43474235026977e-20 	-0.000444149552805867 	-8.59805998561706e-20 	-2.62695521767534e-06
0.45454637222188 	1.82300549254226e-05 	0.00396569460259944 	-0.0541856669373093 	-0.0191107796392291 	0.0147810241325896 	-1.42318039937776e-18 	-0.0215240977094716 	0.0171993985014643 	-0.00224395523108983 	3.90074193514072e-07 	4.96958865537602e-08 	2.10542645276329e-23 	-3.89028648990107e-07 	2.55057441158743e-23 	-1.04554452396472e-09 	0 	0 	0 	0 	0 	0 	0.000420777967629475 	0.000105512684715225 	1.92474079907141e-20 	-0.000420564915939275 	2.45176769665176e-20 	-2.13051690199705e-07
0.461167397020888 	0.000145893378770834 	0.0099147841515391 	-0.0542004630509522 	-0.037273798799429 	0.0290680142928035 	-3.25271893175019e-18 	-0.0418322531257796 	0.0338965743341672 	-0.00423807624732309 	8.01148466929622e-06 	-4.48066010097284e-07 	-1.29570436342278e-21 	-7.95508488434546e-06 	-9.94898005035804e-22 	-5.63997849507609e-08 	0 	0 	0 	0 	0 	0 	0.000386921812102135 	9.05898472883014e-05 	-1.56162827559461e-20 	-0.000387759267983018 	-1.52511657669884e-20 	8.37455880882999e-07
0.468027591210831 	0.000564303444603963 	0.0155395361006254 	-0.0542001684663552 	-0.053393237378965 	0.0419276136760835 	1.10391872269753e-18 	-0.0605998115751364 	0.049854376104528 	-0.00563134838939634 	4.89636989659915e-05 	-9.96967085735708e-06 	-2.23770218455471e-21 	-4.82758764223213e-05 	-2.70596658459243e-21 	-6.87822543670221e-07 	0 	0 	0 	0 	0 	0 	0.000352256787687287 	5.92889132529727e-05 	-2.86896153573615e-20 	-0.000352207487754665 	-3.89337783825918e-20 	-4.92999326221618e-08
0.475135472777 	0.00134063448376452 	0.0193402684504116 	-0.0541854878126692 	-0.0652930369662715 	0.0515024070037828 	1.78549933239107e-18 	-0.076080494998336 	0.0635615509362762 	-0.00655323357093907 	0.000127665572753688 	-3.24384211915908e-05 	1.71047381366545e-20 	-0.000125279732823387 	9.0525578413993e-21 	-2.38583993030037e-06 	0 	0 	0 	0 	0 	0 	0.000328682204759942 	9.34591188956371e-06 	2.71926859966148e-20 	-0.000325882367862516 	1.4806903439807e-20 	-2.79983689742587e-06
0.482499854520744 	0.00230817037200037 	0.0216473155517819 	-0.0541767928854319 	-0.0721500688490872 	0.0571485906288203 	-1.96412419185176e-19 	-0.0884730264901094 	0.0749708062324811 	-0.00715508957123229 	0.000182341020581445 	-4.90779051950816e-05 	1.67077511414725e-20 	-0.000179910879287308 	1.88121116708654e-20 	-2.43014129413766e-06 	0 	0 	0 	0 	0 	0 	0.000292365276024652 	-3.27394976896243e-05 	2.70446645429993e-20 	-0.000289385287992833 	3.49510178329206e-20 	-2.97998803181835e-06
0.49012985367748 	0.00328260866168019 	0.0231464750717116 	-0.0541874457353687 	-0.0752622664703127 	0.0600681192193021 	-5.17149263482094e-19 	-0.0984668421669224 	0.0845212720457623 	-0.00757365844502409 	0.000171241406386122 	-5.87582549391846e-05 	-1.2412905157216e-20 	-0.000171790626565582 	-5.42814308846905e-21 	5.49220179459819e-07 	0 	0 	0 	0 	0 	0 	0.000224229423369046 	-5.96122520415798e-05 	-1.59194857844753e-20 	-0.000224848922176184 	-5.39509273337034e-21 	6.19498807138281e-07
0.498034901809885 	0.00420559909435396 	0.0241476928635627 	-0.0542019066351062 	-0.0762692511458376 	0.0614763446158316 	7.71126319529432e-20 	-0.106400322719319 	0.0924167251814156 	-0.00793245072708415 	0.000117644001482479 	-8.38783707419091e-05 	-1.46924417475643e-20 	-0.000119890681375088 	-2.48963632143429e-20 	2.24667989260955e-06 	0 	0 	0 	0 	0 	0 	0.000140429370011821 	-9.37816650478802e-05 	-1.69969090397634e-20 	-0.000142884930961356 	-2.99116418384933e-20 	2.45556094953582e-06
0.506224754981843 	0.00508060183313126 	0.0248560721208446 	-0.0541980792298892 	-0.0761333274000436 	0.0620235882065855 	2.26276087257418e-19 	-0.112637732288353 	0.09889322461277 	-0.00827495075071789 	4.76333465047706e-05 	-0.000135983442749472 	1.58699147717098e-20 	-4.82779457345414e-05 	-7.31424570323588e-21 	6.44599229770819e-07 	0 	0 	0 	0 	0 	0 	5.42157814122126e-05 	-0.000150541075809873 	1.77028063092751e-20 	-5.49141286966529e-05 	-8.32568021917371e-21 	6.98347284440273e-07
0.514709504218484 	0.00592291983701231 	0.0253854619185074 	-0.0541690193391011 	-0.0753021711193021 	0.0620552353189419 	-2.6184925560726e-20 	-0.117410978726704 	0.104112612232249 	-0.00860099924338927 	-2.83802514452017e-05 	-0.000217679138509255 	-1.08122965429131e-20 	3.11839239484503e-05 	6.56697536492471e-21 	-2.80367250324862e-06 	0 	0 	0 	0 	0 	0 	-3.12765913720245e-05 	-0.000235064948313148 	-1.11147633965939e-20 	3.40924623336914e-05 	7.35014652265275e-21 	-2.8158709616669e-06
0.523499586257883 	0.00674672206705027 	0.0258275268671165 	-0.0541167268812456 	-0.0739932549799548 	0.0617494481259552 	1.46134634031639e-19 	-0.12084351212233 	0.108195183625823 	-0.00890173964205271 	-0.000106621289385605 	-0.000327527657040737 	4.45609963510385e-20 	0.000114429602217892 	-2.64587880958147e-20 	-7.80831283228696e-06 	0 	0 	0 	0 	0 	0 	-0.000115608446162863 	-0.000346837846720803 	4.64610881195322e-20 	0.000123428907549867 	-2.84405021865876e-20 	-7.8204613870036e-06
0.532605794599689 	0.00756349214241775 	0.0262507803272399 	-0.0540434331142223 	-0.0723225190785425 	0.0611964395389702 	7.82859390100042e-21 	-0.123008943879328 	0.11124529729131 	-0.00921212484686459 	-0.000185707759673596 	-0.000463800865057529 	-1.23433431444393e-20 	0.000200473073167042 	4.82830660654049e-20 	-1.47653134934461e-05 	0 	0 	0 	0 	0 	0 	-0.000198948444128444 	-0.000484506752405158 	-1.15193446482938e-20 	0.00021371892252386 	5.00881098853938e-20 	-1.47704783954165e-05
0.542039290856147 	0.00838264805546255 	0.0267024740144309 	-0.0539500014475303 	-0.0703540339007674 	0.0604447296321601 	-1.34091916514739e-19 	-0.123976506251779 	0.113355031564482 	-0.00954670997144591 	-0.000265031843668104 	-0.000625907601193749 	-2.309647426643e-20 	0.000288860841146296 	2.57713305170181e-20 	-2.38289974781919e-05 	0 	0 	0 	0 	0 	0 	-0.00028145980441869 	-0.000647703185381379 	-2.45107383754004e-20 	0.000305291346709814 	2.75445401657964e-20 	-2.38315422911235e-05
0.551811616410767 	0.00921231413616303 	0.02721943860096 	-0.053836655929144 	-0.0681223701702779 	0.0595218716562115 	-4.61754039087516e-20 	-0.123867725175504 	0.114608642735845 	-0.00989160940643046 	-0.00034417350278998 	-0.00081405145581179 	-4.62237060573098e-20 	0.000379183403778448 	7.68058702293554e-22 	-3.5009900988468e-05 	0 	0 	0 	0 	0 	0 	-0.000363138772505942 	-0.000836772215904609 	-4.74024557787793e-20 	0.000398150592457169 	9.77818377589423e-22 	-3.50118199512271e-05
0.561934704389884 	0.0100599467090075 	0.0278364065212756 	-0.0537033324131016 	-0.0656438477241738 	0.058443275013492 	-4.10380351979889e-20 	-0.122797166166203 	0.115051673603191 	-0.0102430916184807 	-0.000422686023367147 	-0.00102888780519353 	-7.43180665022859e-21 	0.000471034045290208 	-3.05680005912987e-20 	-4.8348021923061e-05 	0 	0 	0 	0 	0 	0 	-0.000443781574381514 	-0.00105246130271107 	-8.69733374685429e-21 	0.00049213134319633 	-3.11521687642111e-20 	-4.83497688148152e-05
0.572420891952384 	0.0109328293667821 	0.0285767911934533 	-0.0535496611462345 	-0.0629221549203817 	0.0572164962522424 	1.90853285757357e-19 	-0.120785236518352 	0.114703612551431 	-0.0105783909505094 	-0.000499951506154171 	-0.00127145619874126 	-3.41037192239173e-19 	0.000563897015420752 	-6.03941060857763e-18 	-6.39455092665807e-05 	0 	0 	0 	0 	0 	0 	-0.000522922596580272 	-0.00129587685273602 	-4.34839057784663e-19 	0.000586869840930708 	-6.18000534425844e-18 	-6.39472443504364e-05
0.583282932902661 	0.0118384929286941 	0.0294546991449271 	-0.0533748755012007 	-0.0599508992185024 	0.0558435612016294 	3.23653798991509e-17 	-0.117829245035029 	0.113659094840341 	-0.0108803405036377 	-0.000575041422911802 	-0.00154322938244218 	2.52224354275974e-17 	0.000657008990454766 	-1.2002457146764e-17 	-8.19675675429639e-05 	0 	0 	0 	0 	0 	0 	-0.000599735912392508 	-0.00156854784973047 	2.56795690822152e-17 	0.000681705297476207 	-1.2477927782986e-17 	-8.19693850836989e-05
0.594534010631977 	0.0127851102907529 	0.0304926360113835 	-0.0531776915777079 	-0.0567143973547163 	0.0543222101454085 	1.29045520522669e-18 	-0.113776216155949 	0.112009344446649 	-0.0111747045771476 	-0.000646550499746515 	-0.00184621304021333 	-2.74904251537475e-18 	0.000749211760586708 	1.53762930498326e-17 	-0.000102661260840193 	0 	0 	0 	0 	0 	0 	-0.000672890864744754 	-0.00187253390791629 	-2.54199166846278e-18 	0.000775554059670469 	1.56541515073798e-17 	-0.000102663194925715
0.606187751393199 	0.0137819091864595 	0.0317187525859383 	-0.0529561445531732 	-0.0531872866457617 	0.0526464904456434 	-3.80258716269937e-17 	-0.108596151522113 	0.10974470396109 	-0.0114915124348958 	-0.000712394787313836 	-0.0021830814297683 	-3.40729488344259e-17 	0.000838779819653149 	1.57471690763149e-17 	-0.000126385032339313 	0 	0 	0 	0 	0 	0 	-0.000740362336033963 	-0.00221056663735898 	-3.46199507071903e-17 	0.000866749429932368 	1.63029869744528e-17 	-0.000126387093898405
0.618258237913989 	0.0148396437650643 	0.0331566915958861 	-0.0527073813669036 	-0.0493331490172165 	0.0508069379981195 	-5.26417880078939e-19 	-0.102338268112027 	0.106792840672135 	-0.011803196215814 	-0.000769564483649396 	-0.00255734466138209 	7.62762373474129e-19 	0.000923209830808594 	-1.11927101814446e-17 	-0.000153645347159198 	0 	0 	0 	0 	0 	0 	-0.000799190872720443 	-0.00258622204683983 	6.29563569705461e-19 	0.000952838439061437 	-1.13670564590106e-17 	-0.000153647566340994
0.630760023353288 	0.0159711694437859 	0.0348232387565581 	-0.0524273923834013 	-0.0451021109276112 	0.0487904712729955 	8.13695152404891e-18 	-0.0948624744134705 	0.103108550798855 	-0.0119883474569424 	-0.000813806041318747 	-0.0029735574967382 	7.74983383553828e-18 	0.000998946184312914 	-4.18246095104565e-18 	-0.000185140142994167 	0 	0 	0 	0 	0 	0 	-0.000845169556630315 	-0.00300413492785234 	7.86454146867178e-18 	0.00103031213683539 	-4.28860641797239e-18 	-0.000185142580205073
0.643708145606119 	0.0171921743395107 	0.0367421974917619 	-0.0521106313743428 	-0.0404271850969974 	0.0465800499261319 	6.25360147752159e-20 	-0.0859828416290646 	0.0987201725791268 	-0.0120256886711619 	-0.000839205456799347 	-0.00343759588748501 	-2.01641078100875e-19 	0.00106101528468431 	2.30663647707127e-18 	-0.000221809827884965 	0 	0 	0 	0 	0 	0 	-0.000872430867580914 	-0.00347028239583825 	-1.78537137861701e-19 	0.00109424334253215 	2.33822043187327e-18 	-0.000221812474951237
0.657118141961532 	0.018522133489039 	0.0389608565121294 	-0.0517494736396907 	-0.0352188925333562 	0.0441541113482337 	-8.47602505068664e-20 	-0.0755614874220068 	0.0936803877442972 	-0.0119553884006592 	-0.000837637470345004 	-0.0039570104553138 	1.40476410305754e-18 	0.00110252989724336 	-6.29374174871507e-18 	-0.000264892426898356 	0 	0 	0 	0 	0 	0 	-0.000872898962367814 	-0.00399234680667535 	1.34931531398492e-18 	0.00113779381808354 	-6.37565918995805e-18 	-0.000264894855715731
0.671006064118577 	0.0199855591409375 	0.0415020710092123 	-0.0513336215821084 	-0.0293574706416245 	0.0414857884858301 	2.48232027255226e-17 	-0.0634658240775895 	0.0878731467399655 	-0.0117591157563933 	-0.00079813231035648 	-0.00454126459031792 	1.24498446669183e-17 	0.00111417941709805 	-8.13597806083848e-18 	-0.000316047106741573 	0 	0 	0 	0 	0 	0 	-0.000835658619019109 	-0.00457996444989535 	1.25837887722737e-17 	0.00115170760221514 	-8.36483683406171e-18 	-0.000316048983196029
0.68538849356522 	0.0216135767584729 	0.0443856953637602 	-0.0508501399358276 	-0.0226821069694048 	0.0385416058264846 	-2.3655105055545e-20 	-0.0493571071187696 	0.0812181932359065 	-0.0115250173592747 	-0.000706413431182212 	-0.0052014862108304 	-4.12970969859015e-18 	0.00108396112699467 	1.50324329136948e-17 	-0.000377547695812454 	0 	0 	0 	0 	0 	0 	-0.000746493576141211 	-0.00524448600920056 	-4.00192189172551e-18 	0.0011240453105751 	1.5209000600183e-17 	-0.000377551734433893
0.700282557325144 	0.0234454487329012 	0.0476514174340569 	-0.0502845558023726 	-0.0149768741341507 	0.0352795593247862 	-3.33158275118899e-17 	-0.0328991453619594 	0.073883367964554 	-0.0114159167747426 	-0.000544566008958585 	-0.0059490695335439 	-1.45780030983474e-17 	0.000996739835881682 	1.16039866832221e-17 	-0.000452173826923097 	0 	0 	0 	0 	0 	0 	-0.000587543648669962 	-0.00599758717473895 	-1.47206090578206e-17 	0.00103973004693696 	1.18986417545904e-17 	-0.000452186398266997
0.715705944077384 	0.0255267154996769 	0.0513220967033623 	-0.0496200888011351 	-0.005954492610202 	0.0316499839722395 	6.7149402680794e-19 	-0.0137829378112526 	0.0659197977244568 	-0.0113524180608352 	-0.000290071085371791 	-0.00679451976323523 	3.72976303954491e-18 	0.000832582420234756 	-1.11225287623329e-17 	-0.000542511334862965 	0 	0 	0 	0 	0 	0 	-0.000336305282084778 	-0.00685010425908103 	3.6498952294179e-18 	0.000878839188647201 	-1.12498747794529e-17 	-0.000542533906562423
0.73167692065391 	0.0279014885222045 	0.0553659683379718 	-0.0488308986494875 	0.00475604800465 	0.0276021353363203 	7.31459536929997e-18 	0.00825649633484525 	0.0573255162313899 	-0.0111125937949039 	8.6714701907499e-05 	-0.00775381527839286 	2.19230670184629e-18 	0.000565162219364247 	-3.1468512527473e-18 	-0.000651876921271747 	0 	0 	0 	0 	0 	0 	3.69188793564001e-05 	-0.00781834233527436 	2.20648066806202e-18 	0.000614982595146625 	-3.21177930679831e-18 	-0.000651901474503026
0.748214348920418 	0.0306078015418 	0.0597669533277151 	-0.0478751826739454 	0.0176133424999358 	0.0230900367047901 	-8.12737019606729e-20 	0.0333371502801255 	0.0480879444698331 	-0.0106841441789025 	0.000625764406131388 	-0.00885603954225388 	-7.33273061179859e-19 	0.000161210411060187 	2.05561382470074e-18 	-0.000786974817191575 	0 	0 	0 	0 	0 	0 	0.000572229497613038 	-0.00893165581204816 	-7.21462216151123e-19 	0.000214761985941477 	2.07592434818888e-18 	-0.000786991483554516
0.76533770304569 	0.0336819760716684 	0.0645059285224287 	-0.046698808176384 	0.0331640786544142 	0.0180780149152093 	-3.15613412426168e-22 	0.0618941893456087 	0.0381824690404928 	-0.0101202494375189 	0.00138110799707922 	-0.0101340951559557 	-2.58103664772848e-19 	-0.000424158253711104 	1.5502488903621e-20 	-0.000956949743368114 	0 	0 	0 	0 	0 	0 	0.00132386146124108 	-0.0102231915808589 	-2.62779210153556e-19 	-0.000366909560438891 	1.56231482334272e-20 	-0.000956951900802185
0.783067087165231 	0.0371590277099924 	0.0695053069493034 	-0.0452494898997213 	0.0520497621403359 	0.0125508333581762 	-9.17581661289173e-22 	0.0945353363416403 	0.0277939621715274 	-0.00952072836475615 	0.00241951018782216 	-0.0116057518105002 	-7.85994061496481e-22 	-0.00124800649847576 	5.7111207925352e-21 	-0.00117150368934641 	0 	0 	0 	0 	0 	0 	0.00235888133618168 	-0.0117109742764422 	-7.29288340535914e-22 	-0.00118738709418503 	5.76692333743585e-21 	-0.00117149424199666
0.801423253445102 	0.0410592736127711 	0.074722444724735 	-0.043496435794733 	0.0750089007058747 	0.00652505878676319 	-2.1851011726745e-20 	0.131806674038854 	0.017199376115514 	-0.0089621331791336 	0.00380788165042133 	-0.013255996239021 	-1.12915701401362e-18 	-0.00236739032727097 	1.79201338028707e-18 	-0.00144049132315037 	0 	0 	0 	0 	0 	0 	0.00374465563158664 	-0.0133801765110612 	-1.11416439929161e-18 	-0.00230416626919651 	1.81736318011085e-18 	-0.00144048936239013
0.820427620552313 	0.0453668877019359 	0.080045853238472 	-0.0414457877491037 	0.102843334135723 	7.35103900353991e-05 	-1.03457074133071e-17 	0.174238562641818 	0.00641333333368939 	-0.00850024602840602 	0.00559200643437063 	-0.0150213647843878 	2.49336253161957e-17 	-0.00382136121585368 	-1.00453551332664e-18 	-0.00177064521851694 	0 	0 	0 	0 	0 	0 	0.00552761980863942 	-0.0151672614900214 	2.52413106277781e-17 	-0.00375695416954694 	-1.04516819137531e-18 	-0.00177066563909249
0.840102292538559 	0.0499961944100172 	0.0852439780151821 	-0.0391321186205399 	0.136338618857966 	-0.00663915210432312 	9.1449364856342e-18 	0.221880432504424 	-0.0044667045168351 	-0.00824399363652701 	0.00778376755900469 	-0.0167939037355025 	-2.45624499570719e-17 	-0.00562568080630194 	-3.49193413230297e-18 	-0.00215808675270275 	0 	0 	0 	0 	0 	0 	0.00772038479915 	-0.0169636902661663 	-2.49696366679201e-17 	-0.00556228960627817 	-3.51638127724787e-18 	-0.00215809519287183
0.860470078144643 	0.0547410023583304 	0.0900079161456689 	-0.0365882186601376 	0.176134606466928 	-0.0133380104274184 	1.16684018738382e-17 	0.274500680158632 	-0.0149230090551965 	-0.00801699346667886 	0.0103527457281557 	-0.018456114137229 	-2.97400233013824e-17 	-0.00775803053247192 	2.51808151795127e-18 	-0.0025947151956838 	0 	0 	0 	0 	0 	0 	0.0102930042398826 	-0.0186505111854827 	-3.00828739096437e-17 	-0.00769834494474644 	2.58586640675208e-18 	-0.00259465929513614
0.881554510533552 	0.0592751910870918 	0.0940015988768531 	-0.0338617062276924 	0.22254317065064 	-0.0197026088067663 	-1.01781533747841e-17 	0.331575590915105 	-0.0245876039121382 	-0.00756113242708336 	0.0131974604045471 	-0.0199048318202687 	2.88573789549625e-17 	-0.0101218083007177 	1.50972595365231e-18 	-0.00307565210382935 	0 	0 	0 	0 	0 	0 	0.0131438561033101 	-0.0201222091234268 	2.92920135194783e-17 	-0.0100683323863486 	1.50610987253318e-18 	-0.00307552371696147
0.903379867460971 	0.0632323990806539 	0.0969063300050984 	-0.0311133576317456 	0.275379862966684 	-0.0254504804740474 	-2.46506142307966e-22 	0.392896894548449 	-0.0333066509865422 	-0.00689092453784318 	0.0161214177285092 	-0.020980744637734 	1.40662099734728e-18 	-0.0125322687290898 	-1.570255170368e-18 	-0.00358914899941936 	0 	0 	0 	0 	0 	0 	0.0160763218137144 	-0.0212167321472352 	1.39343856408083e-18 	-0.0124870716388371 	-1.59387063241876e-18 	-0.00358925017487726
0.925971191892874 	0.0663014272880706 	0.0983281912742134 	-0.0287608434561451 	0.333728043507653 	-0.0303688114467849 	-4.56825785476586e-20 	0.458236088875685 	-0.0405692540378108 	-0.00610410651409785 	0.0188196512524877 	-0.0213928244591081 	8.60688581343161e-20 	-0.0147670032894335 	1.60062265540422e-19 	-0.00405264796305424 	0 	0 	0 	0 	0 	0 	0.0187860939770581 	-0.0216407436080405 	8.71216483477248e-20 	-0.0147330558303325 	1.59932038655183e-19 	-0.00405303814672561
0.949354313080856 	0.0683170522726138 	0.0978727807456441 	-0.0271297348774638 	0.395779076338448 	-0.0338201964237055 	-1.11331742619626e-21 	0.526396233761236 	-0.046012218714581 	-0.00528093866402961 	0.0205987848589935 	-0.0210047747754438 	2.13774338753584e-20 	-0.0162140975239646 	-1.86938284488855e-20 	-0.00438468733502891 	0 	0 	0 	0 	0 	0 	0.0205793068670926 	-0.0212564705028484 	2.13431476285988e-20 	-0.0161946222999342 	-1.88992915507791e-20 	-0.00438468456715842
0.973555868107081 	0.0693284188552724 	0.0953337498387196 	-0.0258786161154148 	0.459459137741434 	-0.0352929222797462 	5.69953961712146e-20 	0.595613108495608 	-0.0495867471465671 	-0.00455599776994975 	0.0219878083470677 	-0.0202410240837812 	-4.69374215010576e-19 	-0.0173441083884196 	-1.29652384161007e-19 	-0.00464369995864812 	0 	0 	0 	0 	0 	0 	0.0219809504861409 	-0.0204875014256757 	-4.75544599705748e-19 	-0.0173376245115469 	-1.29146989692935e-19 	-0.00464332597459398
0.998603323912082 	0.0695235498347344 	0.0907313768991171 	-0.0246414342476084 	0.522895143747388 	-0.035482263891815 	-2.38085354201227e-20 	0.663441840678166 	-0.0511486473712099 	-0.00407991564508042 	0.0233217754927964 	-0.0194081952012862 	3.07634057822509e-19 	-0.0185147300861316 	2.43112573376573e-19 	-0.00480704540666487 	0 	0 	0 	0 	0 	0 	0.0233234640524851 	-0.0196406416267229 	3.11587227745693e-19 	-0.0185164572072852 	2.43003609052802e-19 	-0.00480700684519996
1.02452499982017 	0.0691478914205958 	0.0843332428561124 	-0.0238226033122368 	0.583925704221408 	-0.0348986026071441 	-1.53166712806268e-20 	0.727078242990255 	-0.0508168386864701 	-0.00392090675385967 	0.0236268991560512 	-0.0182734691403491 	1.98815540306678e-19 	-0.0188102504619164 	-2.98721399162515e-20 	-0.00481664869413484 	0 	0 	0 	0 	0 	0 	0.0236348297403587 	-0.0184842416450052 	2.01363085546439e-19 	-0.0188179882406518 	-3.01020693927127e-20 	-0.00481684149970697
1.05135009057894 	0.0684968226415241 	0.0767527827322595 	-0.0239283899657986 	0.640105151696601 	-0.0334274181010335 	2.30327941634121e-20 	0.783833770456937 	-0.0489196695900828 	-0.00400207348419747 	0.0228487903572456 	-0.0167845988804066 	-2.98806010725947e-19 	-0.0182234839710581 	-2.35651092730897e-19 	-0.00462530638618758 	0 	0 	0 	0 	0 	0 	0.0228616109904574 	-0.0169678575909817 	-3.02573821816211e-19 	-0.0182362302506826 	-2.35440652159354e-19 	-0.00462538073977478
1.07910868993144 	0.067855331792396 	0.0687904939418098 	-0.0249434498766814 	0.689533411205814 	-0.0312704991065037 	-2.3947500922357e-21 	0.831581638282411 	-0.0459742453189533 	-0.00412731240611406 	0.0210888262023373 	-0.0151547957014167 	3.78113467296217e-20 	-0.0168543055863449 	4.97290290873893e-22 	-0.00423452061599244 	0 	0 	0 	0 	0 	0 	0.0211045675009389 	-0.0153076737426683 	3.82965793774606e-20 	-0.0168700933097621 	5.39952812167756e-22 	-0.00423447419117678
1.10783181474152 	0.067438315893456 	0.0611869590305643 	-0.0264707343571697 	0.73133771072384 	-0.0287141317001903 	-1.98433751073017e-20 	0.86945236152813 	-0.0425952052205365 	-0.00426051265655306 	0.0187128254207827 	-0.0136500629372722 	5.96837041398963e-19 	-0.0149723163058458 	1.42675467936804e-19 	-0.0037405091149369 	0 	0 	0 	0 	0 	0 	0.0187291734099253 	-0.0137734614029271 	6.01476059538376e-19 	-0.0149888043255286 	1.42519971393821e-19 	-0.00374036908439674
1.13755142969564 	0.0673426806725547 	0.0544859796264091 	-0.0279943652902239 	0.765833320804051 	-0.0261413396094161 	-1.41829557320406e-21 	0.897644659474315 	-0.0391603437175182 	-0.00439959318530729 	0.0164496207392562 	-0.012441008256494 	-7.24552441480223e-20 	-0.0132212648979591 	-5.59117723571176e-20 	-0.00322835584129716 	0 	0 	0 	0 	0 	0 	0.0164644378037815 	-0.0125388616803936 	-7.24076579302862e-20 	-0.0132361849081906 	-5.60030167808162e-20 	-0.00322825289559091
1.16830047260696 	0.0675394101270756 	0.0489641413225604 	-0.029262982201995 	0.794159290103683 	-0.0239169925454683 	3.8311679822532e-20 	0.917353874024301 	-0.0360596426372248 	-0.00439980111833617 	0.0144586983397396 	-0.0115150967813055 	-1.5620347042696e-18 	-0.0116641022994545 	-3.86219131858888e-19 	-0.00279459604028504 	0 	0 	0 	0 	0 	0 	0.0144710498915796 	-0.0115926934921474 	-1.57168217375431e-18 	-0.0116764593604609 	-3.85920676466896e-19 	-0.00279459053111872
1.20011288035043 	0.0679205576558629 	0.0446636321258826 	-0.0302822488681884 	0.817632732806314 	-0.0220484516659252 	-6.56064257861452e-21 	0.930591049871831 	-0.033578848106064 	-0.00412995867955302 	0.0126603337787725 	-0.0107846038119754 	4.62595264982111e-19 	-0.0102483893215597 	2.34667149855215e-19 	-0.00241194445721282 	0 	0 	0 	0 	0 	0 	0.0126704599134954 	-0.0108470728572892 	4.64521109142427e-19 	-0.0102585091647814 	2.34704113351276e-19 	-0.00241195074871401
1.21854531023993 	0.0681646267274209 	0.0428346836724991 	-0.0306915170714822 	0.828792309043954 	-0.0211506674245536 	-1.27040556877886e-20 	0.935420927524135 	-0.0324895535051645 	-0.00387540180512196 	0.0118783594106923 	-0.0104533613304586 	6.88190204162134e-19 	-0.00964874302580735 	2.02426787929278e-19 	-0.0022296163848849 	0 	0 	0 	0 	0 	0 	0.0118874962301451 	-0.0105096744773961 	6.916122753429e-19 	-0.00965787763126878 	2.02363189983874e-19 	-0.00222961859887637
1.23302700812161 	0.0683658293352018 	0.0414272506618175 	-0.031008760265465 	0.837477646096504 	-0.0204529102280959 	-1.72040977599196e-20 	0.939105284281621 	-0.0316490459877501 	-0.00367367136739534 	0.0112875150667998 	-0.0101982738693735 	8.48832348129493e-19 	-0.00920729047368085 	1.71075775209611e-19 	-0.002080224593119 	0 	0 	0 	0 	0 	0 	0.0112958842906218 	-0.0102498392038848 	8.53342932759074e-19 	-0.00921566112327516 	1.70935480503035e-19 	-0.00208022316734663
1.26707942691712 	0.0687593631655379 	0.0390022477332057 	-0.0313865426080357 	0.854770399685947 	-0.0190939446417793 	7.68581656098867e-21 	0.944560255565526 	-0.0301580210550606 	-0.00313721349070261 	0.0103166148226145 	-0.00974190104072676 	-4.39286184476132e-19 	-0.0084697356132047 	-2.18274443403839e-19 	-0.00184687920940984 	0 	0 	0 	0 	0 	0 	0.0103236587133079 	-0.00978566996469444 	-4.41386184403664e-19 	-0.00847676547424587 	-2.18255533169236e-19 	-0.00184689323906205
1.30230262138192 	0.0690098694374708 	0.0371911584912626 	-0.0314323356534303 	0.870305799199741 	-0.0178969391352536 	7.57899461330656e-21 	0.948164342528454 	-0.0289744555731039 	-0.00254781766465285 	0.00965011184730397 	-0.00938929370448235 	-6.60899918634618e-19 	-0.00796104644438867 	1.58413782500656e-20 	-0.0016890654029153 	0 	0 	0 	0 	0 	0 	0.0096561729613493 	-0.00942739851648488 	-6.63189905294094e-19 	-0.007967089188046 	1.58908650008106e-20 	-0.00168908377330331
1.33873474259348 	0.069059575390921 	0.0358517366650719 	-0.0311619865806835 	0.884621553565466 	-0.0168211865273413 	1.1746670361701e-22 	0.950715866652862 	-0.0279614281089668 	-0.00184355806274631 	0.0092313576465393 	-0.00914683632729604 	4.33211215654925e-20 	-0.00764096369192206 	3.60609273893675e-20 	-0.00159039395461724 	0 	0 	0 	0 	0 	0 	0.00923661377874273 	-0.00918079302672592 	4.3294415116565e-20 	-0.00764621382778016 	3.60738874572094e-20 	-0.00159039995096258
1.37641508001353 	0.0688683300413926 	0.0348527373012585 	-0.0305577649083006 	0.898139848013863 	-0.0158481955626053 	-1.21540169436336e-21 	0.952763659500512 	-0.026999660950348 	-0.000894344793467489 	0.00902711691239216 	-0.00901191875006772 	1.38459493291728e-20 	-0.00749286512482365 	1.40427670555125e-20 	-0.00153425178756851 	0 	0 	0 	0 	0 	0 	0.00903167568540998 	-0.00904284326223337 	1.40485047892074e-20 	-0.00749745440029817 	1.40332125684687e-20 	-0.00153422128511181
1.41538409228482 	0.0684070691789583 	0.0340935977408696 	-0.0296789045353501 	0.91117656736051 	-0.014951532348555 	1.487927435144e-21 	0.954568987725245 	-0.0260355710066141 	0.000268482830020457 	0.00895140238649297 	-0.00892861962839154 	-1.12342691921162e-19 	-0.00743289816517764 	-6.59482244500524e-20 	-0.00151850422131533 	0 	0 	0 	0 	0 	0 	0.00895539778078294 	-0.0089572014200141 	-1.12823943976729e-19 	-0.00743690048993416 	-6.59420285512825e-20 	-0.00151849729084878
1.45568343901513 	0.0676543278416572 	0.0334787830994315 	-0.0290945898899494 	0.923857002667148 	-0.0141698856300731 	-1.59828767247407e-21 	0.95631850796606 	-0.0251228127549064 	0.00137886873480835 	0.00876905905602965 	-0.00860144697897305 	1.57236293117838e-19 	-0.00725980158675318 	6.24704417875177e-20 	-0.00150925746927647 	0 	0 	0 	0 	0 	0 	0.00877302659445959 	-0.00862770996757157 	1.5773856437489e-19 	-0.00726362066440766 	6.24639185889135e-20 	-0.00150940593005193
1.49735601361748 	0.0665991111376061 	0.0329432356278005 	-0.0297404119848783 	0.935776143509595 	-0.0133472188475315 	-1.77737804060979e-22 	0.95804932410543 	-0.0242609694296015 	0.00224115097239914 	0.00684808503298894 	-0.008143868963911 	4.4374598037628e-20 	-0.00561708852917363 	7.58927831719801e-20 	-0.00123099650381531 	0 	0 	0 	0 	0 	0 	0.00685269904932314 	-0.00816726534862328 	4.43890434590701e-20 	-0.00562160493275679 	7.58961916866855e-20 	-0.00123109411656636
1.54044597728177 	0.0652639009546582 	0.0324294305299562 	-0.0310748020760856 	0.946682837203035 	-0.0121665924153123 	-4.49168192133212e-21 	0.959932553406593 	-0.0233513207197655 	0.00284773844993948 	0.0038241303795983 	-0.00778223137112676 	5.58116596702868e-19 	-0.00331145508630915 	-1.49567123419809e-20 	-0.000512675293289152 	0 	0 	0 	0 	0 	0 	0.00382902167218769 	-0.00780239376616553 	5.59561429822127e-19 	-0.00331648429137447 	-1.49792015862159e-20 	-0.000512537380813221
1.58499879416013 	0.0636955650345848 	0.0319043812169296 	-0.0313575123103277 	0.956561100597171 	-0.010957062194692 	4.29175299006491e-22 	0.961978481417322 	-0.0223648293152363 	0.00315527186267747 	0.00234798085941516 	-0.00722852198526433 	-6.33205944262724e-20 	-0.00224427479424168 	-3.68436729265325e-21 	-0.000103706065173477 	0 	0 	0 	0 	0 	0 	0.00235249929359361 	-0.00724582697826409 	-6.3473112077282e-20 	-0.00224884180963806 	-3.68946387613069e-21 	-0.000103657483955555
1.63106126785505 	0.0619252340783295 	0.0313759044028736 	-0.0303887956821448 	0.965574180785293 	-0.00996357788303617 	2.60302526524644e-21 	0.964189585313345 	-0.0213413952593034 	0.00316103110996046 	0.00202397525664424 	-0.00664246374513199 	-3.56574710595727e-19 	-0.00197046120463464 	3.75105506428948e-21 	-5.35140520096014e-05 	0 	0 	0 	0 	0 	0 	0.00202825647510533 	-0.00665776211890647 	-3.57389201694662e-19 	-0.00197472087821276 	3.76183488887149e-21 	-5.35355968925713e-05
1.67868157930743 	0.0599685538946176 	0.0308307428099589 	-0.0285118816770583 	0.974178231080604 	-0.00885073928396076 	-2.19642836017574e-21 	0.966634960238748 	-0.0203016840295633 	0.0029632351640426 	0.00239639030580235 	-0.00611837359699893 	3.51888532362532e-19 	-0.00224653865059761 	6.39153967189888e-20 	-0.000149851655204735 	0 	0 	0 	0 	0 	0 	0.0024005560614212 	-0.00613247692035898 	3.52700045803869e-19 	-0.00225076805715414 	6.39117270218154e-20 	-0.000149788004267059
1.72790932618928 	0.0578336244137321 	0.0302385926090048 	-0.0258423260969054 	0.982557640190476 	-0.00776180883333808 	-1.26307162356031e-21 	0.969360543548219 	-0.0192287092079539 	0.00263257605473318 	0.0041317311189649 	-0.0054742827115909 	2.10458234630369e-19 	-0.00353781588886697 	-4.01294771821713e-20 	-0.000593915230097929 	0 	0 	0 	0 	0 	0 	0.00413539772527545 	-0.00548792672917966 	2.10896276849831e-19 	-0.00354143949484087 	-4.01417692166892e-20 	-0.00059395823043458
1.77879556391435 	0.05551791805808 	0.0295820430182115 	-0.0234234261313765 	0.991154680768902 	-0.00695187174436673 	4.56158751706885e-21 	0.97242365440782 	-0.0181222773544107 	0.00204139655533061 	0.00547257352136896 	-0.00527078144759835 	-6.90251652778355e-19 	-0.00461360709275259 	-1.51301225260508e-19 	-0.000858966428616372 	0 	0 	0 	0 	0 	0 	0.00547541575347518 	-0.00528446376980043 	-6.91881780765134e-19 	-0.0046164162828455 	-1.51291308905441e-19 	-0.00085899947062968
1.83139284838834 	0.0530246392057244 	0.0288201290764369 	-0.0216709400336364 	1.0002266281385 	-0.00624144707878633 	6.00155478968413e-22 	0.976090987799466 	-0.0170370078883763 	0.000982216624804965 	0.00544476172730368 	-0.00555646019515495 	-1.15118825990887e-19 	-0.00454402724728361 	8.11894874657474e-22 	-0.00090073448002007 	0 	0 	0 	0 	0 	0 	0.00544679084099836 	-0.0055701905608325 	-1.15382253423343e-19 	-0.00454607369628453 	8.18303280548482e-22 	-0.000900717144713828
1.88575528062977 	0.0503694927069726 	0.027929233212261 	-0.0205852265701543 	1.00958931666093 	-0.00579618818426845 	-1.51203520911175e-21 	0.98048454806869 	-0.0159589944786791 	-0.000247910661968625 	0.0052373634376677 	-0.00569009566883994 	2.42390887977946e-19 	-0.00427694342110575 	5.30293877914827e-20 	-0.000960420016561954 	0 	0 	0 	0 	0 	0 	0.00523876294849243 	-0.00570358556575568 	2.42945421868602e-19 	-0.00427826008055294 	5.30272453998576e-20 	-0.00096050286793949
1.94193855340112 	0.0475705694722599 	0.0269421560083886 	-0.0205285343322688 	1.01903065308015 	-0.00552781640010081 	-6.74791581780434e-22 	0.985287104130268 	-0.0148502520694488 	-0.00123043485655991 	0.00303495906231673 	-0.00565059146750869 	1.09894904028384e-19 	-0.00253855340559879 	6.23853528492311e-21 	-0.000496405656717931 	0 	0 	0 	0 	0 	0 	0.00303628667903395 	-0.0056634082664966 	1.1014068412599e-19 	-0.00253987337513234 	6.23664055082917e-21 	-0.000496413303901611
2 	0.044904360750695 	0.0259624471118051 	-0.0205670557371415 	1.02747875268697 	-0.00504728126641064 	0 	0.990021866833674 	-0.0137974524444363 	-0.00184237736200414 	0.000763998195080373 	-0.00544023529509034 	4.91959074516108e-23 	-0.00077005321023738 	-2.7802080716287e-22 	6.05501515700752e-06 	0 	0 	0 	0 	0 	0 	0.000765360058262092 	-0.00545223029343581 	4.92678347987546e-23 	-0.000771506944022842 	-2.78628070769746e-22 	6.14688576075052e-06
2.04048019216691 	0.0427147666115312 	0.0251090686116564 	-0.0198034814711796 	1.03410949272132 	-0.00471063801022666 	0 	0.994197504138334 	-0.0129750233679145 	-0.00210899483162399 	0.000507713676479271 	-0.00521938573613969 	0 	-0.000510509965270016 	0 	2.79628879074575e-06 	0 	0 	0 	0 	0 	0 	0.000508828555884475 	-0.00523099791045799 	0 	-0.000511633577123268 	0 	2.80502123879282e-06
2.07952987991697 	0.0408133424868604 	0.0243367481467664 	-0.0187214321983531 	1.03991020501844 	-0.00452624419365556 	0 	0.99815085788819 	-0.0122539060646825 	-0.00220869517832605 	0.000456775607480187 	-0.0051223776866385 	0 	-0.000441539200704973 	0 	-1.52364067752136e-05 	0 	0 	0 	0 	0 	0 	0.000457789855918294 	-0.00513393946081292 	0 	-0.000442522119184498 	0 	-1.52677367337953e-05
2.11719961495896 	0.0390090579588371 	0.0235658557762067 	-0.0176793950432153 	1.04547191096454 	-0.00432486011660969 	0 	1.00216566342718 	-0.0116051413072355 	-0.00214331795377977 	0.000471929852025793 	-0.00500713664828907 	0 	-0.000468218143213652 	0 	-3.71170881214087e-06 	0 	0 	0 	0 	0 	0 	0.000472992530430931 	-0.00501862984471628 	0 	-0.000469276600261614 	0 	-3.71593016931707e-06
2.15353816258619 	0.037299714044495 	0.0227906766124753 	-0.0167064409203385 	1.05078036705116 	-0.00411360300162345 	0 	1.00616844781903 	-0.0110346205639921 	-0.00193041340021751 	0.000489188650962639 	-0.00485101159869 	0 	-0.000487415833062519 	0 	-1.77281790011962e-06 	0 	0 	0 	0 	0 	0 	0.00049031194923517 	-0.00486236068848408 	0 	-0.000488540607601855 	0 	-1.77134163331567e-06
2.1885925648055 	0.0356825182536497 	0.0220605697465168 	-0.0157823444897476 	1.05581795516992 	-0.00389932796783967 	0 	1.00990923339484 	-0.0105155813261694 	-0.00170701972782635 	0.000500468792170453 	-0.00465734343866991 	0 	-0.000498858896017625 	0 	-1.60989615282793e-06 	0 	0 	0 	0 	0 	0 	0.00050164999905358 	-0.00466847275257902 	0 	-0.000500040466922428 	0 	-1.60953213115241e-06
2.22240820123539 	0.0341542185683183 	0.0213792622477906 	-0.014903713571248 	1.06057123964191 	-0.00368276830317466 	0 	1.01339789214461 	-0.0100256183548408 	-0.00154682956212045 	0.000506720299335141 	-0.00443273426973841 	0 	-0.000505732966566524 	0 	-9.8733276861728e-07 	0 	0 	0 	0 	0 	0 	0.00050795073946389 	-0.00444357709606535 	0 	-0.000506963481732914 	0 	-9.87257730975437e-07
2.25502884785218 	0.0327111732293123 	0.0207199752807376 	-0.0140709965241752 	1.06503234036968 	-0.00346650287884656 	0 	1.01674375874415 	-0.00957389805527078 	-0.0014120011598788 	0.000508442487578133 	-0.00418396677596263 	0 	-0.000507688664852143 	0 	-7.53822725989313e-07 	0 	0 	0 	0 	0 	0 	0.000509707632370366 	-0.00419446607628489 	0 	-0.000508953591695969 	0 	-7.54040674397049e-07
2.28649673366009 	0.0313494342437026 	0.0200869441660224 	-0.0132854314832766 	1.06919770130447 	-0.0032535446999314 	0 	1.01995675192723 	-0.0091548093030456 	-0.00137627492763723 	0.0005017414677311 	-0.00391781603935202 	0 	-0.000501026004414151 	0 	-7.15463316949166e-07 	0 	0 	0 	0 	0 	0 	0.000503025104245377 	-0.00392792313472968 	0 	-0.000502309384407338 	0 	-7.15719838039393e-07
2.31685259535872 	0.0300648550930411 	0.0194865733301551 	-0.012546676147603 	1.07306759663447 	-0.00304632132979026 	0 	1.02307454938606 	-0.00875211097896714 	-0.00148741847156978 	0.000486917750193198 	-0.00364007790060664 	0 	-0.000486231353783244 	0 	-6.86396409953236e-07 	0 	0 	0 	0 	0 	0 	0.000488203364451417 	-0.00364975168082505 	0 	-0.000487516877048219 	0 	-6.8648740319729e-07
2.34613573007873 	0.0288531820044158 	0.0189117912036479 	-0.0118528099638899 	1.07664530924587 	-0.00284737706651689 	0 	1.02609792250557 	-0.00835385315873804 	-0.00162320754710384 	0.00046581755350497 	-0.00335564851284209 	0 	-0.000465128573485966 	0 	-6.88980019004699e-07 	0 	0 	0 	0 	0 	0 	0.00046708908112311 	-0.00336485428921204 	0 	-0.000466400036397698 	0 	-6.89044725411928e-07
2.3743840462538 	0.0277101329839316 	0.0183515703104479 	-0.0112018501541832 	1.079936456411 	-0.00265869335351697 	0 	1.02891486363429 	-0.0079714123524996 	-0.00174629279688438 	0.000439288353216734 	-0.00306886045271831 	0 	-0.000438816654995834 	0 	-4.71698220899755e-07 	0 	0 	0 	0 	0 	0 	0.000440531339452408 	-0.00307756887684164 	0 	-0.000440059590167515 	0 	-4.71749284893241e-07
2.40163411269502 	0.0266314677623231 	0.0178093858077205 	-0.0105918720700709 	1.08294856410823 	-0.00248175383087515 	0 	1.03147768647386 	-0.00761611270595237 	-0.00186099729085738 	0.000409360500874233 	-0.00278318160838287 	0 	-0.000409129319179317 	0 	-2.31181694916506e-07 	0 	0 	0 	0 	0 	0 	0.000410562094525193 	-0.00279136767702532 	0 	-0.000410330841766342 	0 	-2.31252758851261e-07
2.42792120593089 	0.0256130409638976 	0.0172960578253845 	-0.0100210975036647 	1.08569041952636 	-0.00231767668351195 	0 	1.03378000594675 	-0.00729134390111441 	-0.00195164531627228 	0.000376978867371051 	-0.00250136585363237 	0 	-0.000376767932215809 	0 	-2.10935155242166e-07 	0 	0 	0 	0 	0 	0 	0.000378128157176554 	-0.00250900715583293 	0 	-0.000377917106530167 	0 	-2.1105064638698e-07
2.45327935587456 	0.0246508459869326 	0.0168162721687519 	-0.00948777417185252 	1.08817123605396 	-0.00216707521848001 	0 	1.03579683346399 	-0.00699957218603237 	-0.0020208445861411 	0.000342808607218982 	-0.00222550728560229 	0 	-0.000342655211769518 	0 	-1.53395449463793e-07 	0 	0 	0 	0 	0 	0 	0.000343896665264986 	-0.0022325825187374 	0 	-0.000343743175954202 	0 	-1.53489310784363e-07
2.47774138987717 	0.0237410495570133 	0.0163706533779227 	-0.00898987544298219 	1.09040041186935 	-0.00203023197537897 	0 	1.03752714572192 	-0.00673572959848124 	-0.00204974157688428 	0.000307833250895849 	-0.00195718679233112 	7.26319085060371e-22 	-0.000307753888939572 	-1.22724416771997e-17 	-7.93619562772738e-08 	0 	0 	0 	0 	0 	0 	0.000308852844920175 	-0.00196367498365625 	7.26319403204643e-22 	-0.000308773428635541 	-1.23140305444765e-17 	-7.94162846341198e-08
2.50133897522445 	0.0228800146386528 	0.0159643648168818 	-0.00852527269284322 	1.09238727057713 	-0.00190717232574495 	2.04251109381632e-17 	1.03893516416636 	-0.00649058300544784 	-0.00204519060141682 	0.000273063119736051 	-0.0016975521130016 	-1.36245551727913e-14 	-0.000273025459509413 	3.21526086900221e-17 	-3.76602266379236e-08 	0 	0 	0 	0 	0 	0 	0.000274008555756661 	-0.00170343178421243 	-1.36728531167626e-14 	-0.000273970846252825 	3.22687004832219e-17 	-3.77095038353597e-08
2.52410266013155 	0.0220643146784001 	0.0155988400872525 	-0.00809198628195796 	1.09414081165431 	-0.00179770499553487 	-3.95489292325128e-19 	1.04005266265107 	-0.00625361224519882 	-0.0020201342596507 	0.000239214503395804 	-0.00144739339998322 	-1.44612270970967e-16 	-0.000239180288583673 	2.42980570826303e-17 	-3.42148121305321e-08 	0 	0 	0 	0 	0 	0 	0.000240081564846245 	-0.00145264159144043 	-1.42824730857396e-16 	-0.000240047279588112 	2.43808404260834e-17 	-3.42852581327569e-08
2.54606191328919 	0.0212907414672109 	0.0152675729297421 	-0.00768819327109564 	1.09566949338945 	-0.00170142906764081 	-2.08045065992163e-17 	1.04094358696285 	-0.00602116644647474 	-0.00198383394647461 	0.000206676403816257 	-0.00120722985553095 	1.34693626128481e-14 	-0.000206649869631466 	-3.17654693553537e-17 	-2.65341847912491e-08 	0 	0 	0 	0 	0 	0 	0.000207462256523545 	-0.0012118212091633 	1.35194097204387e-14 	-0.000207435651394953 	-3.18857939032641e-17 	-2.66051285918195e-08
2.56724516201227 	0.0205563079606931 	0.0149607642964264 	-0.00731209295212815 	1.09698108604464 	-0.00161778678142767 	0 	1.04162319597297 	-0.00579766579561461 	-0.00193530327887323 	0.00017586112257343 	-0.000977315003921595 	4.53545235503389e-22 	-0.000175844132488235 	-1.16652389755333e-17 	-1.69900851948402e-08 	0 	0 	0 	0 	0 	0 	0.0001765640833771 	-0.0009812209397677 	4.53545652125203e-22 	-0.000176547035936369 	-1.17107602014254e-17 	-1.70474407315614e-08
2.58767982904046 	0.0198582465451222 	0.0146702564206335 	-0.00696190959968241 	1.09808256486177 	-0.00154613634122593 	0 	1.04207960516727 	-0.00558380878159658 	-0.00186382423483167 	0.000147108283897109 	-0.000757705169996802 	4.58361800621204e-23 	-0.000147096367457258 	-1.02837706236209e-17 	-1.191643985078e-08 	0 	0 	0 	0 	0 	0 	0.000147727627158276 	-0.00076089305949085 	4.58362493845225e-23 	-0.000147715654095392 	-1.03283470653478e-17 	-1.19730628840555e-08
2.60739236803822 	0.0191940040862221 	0.0143942292624583 	-0.00663596963492966 	1.09898001683699 	-0.0014857674273157 	1.82888844605585e-17 	1.0423383750488 	-0.00537802592495155 	-0.00176771211431933 	0.000120612828870854 	-0.000548320530751928 	-1.26817273710245e-14 	-0.0001206007069301 	1.40803474498673e-17 	-1.21219407540037e-08 	0 	0 	0 	0 	0 	0 	0.000121148667960863 	-0.000550752827797842 	-1.27398165917156e-14 	-0.000121136485158128 	1.4147388313726e-17 	-1.21828027355823e-08
2.62640829784037 	0.018561234819134 	0.0141329201394678 	-0.00633270357955518 	1.09967856812416 	-0.00143592159930421 	-4.91051655360611e-19 	1.04243597472036 	-0.00517917665341476 	-0.00166684213872602 	9.64775404816883e-05 	-0.000348976319172071 	-2.62581090818205e-16 	-9.64652300989819e-05 	2.01598579203638e-17 	-1.23103827064038e-08 	0 	0 	0 	0 	0 	0 	9.69306884464365e-05 	-0.0003506096738872 	-2.60437505089055e-16 	-9.69183150311923e-05 	2.0251077554688e-17 	-1.23734152441229e-08
2.64475223548742 	0.0179577917612915 	0.0138829995716411 	-0.00605062598110758 	1.10018233085745 	-0.00139582178095768 	-1.87698096157051e-17 	1.04236384275301 	-0.00498679614370451 	-0.00158396208026684 	7.47373080660071e-05 	-0.000159411488905451 	1.24122834701774e-14 	-7.47245096937375e-05 	-1.37490184280699e-17 	-1.27983722695773e-08 	0 	0 	0 	0 	0 	0 	7.51091388089947e-05 	-0.000160195817471813 	1.24724839588579e-14 	-7.5096273879892e-05 	-1.38185389778738e-17 	-1.28649291027316e-08
2.66244792809357 	0.0173817172260825 	0.0136445386258316 	-0.00578833300442798 	1.10049435618739 	-0.00136469002053926 	0 	1.04209100721718 	-0.00480157505556573 	-0.00152382998165363 	5.53741119839216e-05 	2.06854938960024e-05 	1.01871530075832e-23 	-5.5360253136855e-05 	-9.55354195436979e-18 	-1.38588470665823e-08 	0 	0 	0 	0 	0 	0 	5.56664473874224e-05 	2.08080298405149e-05 	1.0187208876333e-23 	-5.56525149476248e-05 	-9.60270327778594e-18 	-1.39324397975936e-08
2.67951828358848 	0.0168312329273384 	0.0134244731145426 	-0.00554450319475052 	1.10061658914685 	-0.00134176073277767 	0 	1.04156778433669 	-0.00462439858396894 	-0.00144514893781817 	3.83250056739069e-05 	0.000191657295817359 	0 	-3.83095691341054e-05 	0 	-1.54365398015042e-08 	0 	0 	0 	0 	0 	0 	3.85400233066255e-05 	0.000192753424261222 	0 	-3.85245018425135e-05 	0 	-1.55214641120047e-08
2.69598540037265 	0.0163047300564954 	0.0132269656993133 	-0.00531789560303521 	1.10054982306395 	-0.00132629010540905 	0 	1.0407751066361 	-0.0044562844697802 	-0.00129622314785349 	2.34943130954483e-05 	0.00035386222431938 	0 	-2.34768801211324e-05 	0 	-1.74329743159279e-08 	0 	0 	0 	0 	0 	0 	2.3634475316203e-05 	0.000356008835505424 	0 	-2.36169412509947e-05 	0 	-1.75340652083236e-08
2.71187059592494 	0.0158007596186428 	0.0130450952472189 	-0.00510734621834901 	1.10029365012803 	-0.00131756247822137 	0 	1.03974358899291 	-0.00429855654944419 	-0.00107012489687803 	1.07646154625437e-05 	0.000507663017828887 	0 	-1.07447452445119e-05 	0 	-1.98702180318118e-08 	0 	0 	0 	0 	0 	0 	1.08326261043351e-05 	0.000510948612221416 	0 	-1.08126329847872e-05 	0 	-1.99931195478665e-08
2.72719443439902 	0.0153180232515468 	0.0128714600177424 	-0.00491176419516872 	1.09984640336766 	-0.00131489274038488 	0 	1.03849848312275 	-0.00415251792506707 	-0.000790751989287769 	7.26081370370138e-09 	0.000653418817448634 	0 	1.5310552409669e-08 	0 	-2.25713661133752e-08 	0 	0 	0 	0 	0 	0 	6.06289926595312e-09 	0.000657945179652907 	0 	1.66587254093832e-08 	0 	-2.27216246753383e-08
2.74197675324468 	0.0148553647061159 	0.0127069008449573 	-0.00473012789409543 	1.09920508489273 	-0.00131762418083151 	0 	1.03705231655645 	-0.00401687172159448 	-0.000478424051455037 	-8.90635966729908e-06 	0.000791481634349639 	0 	8.93166046761617e-06 	0 	-2.53008003170972e-08 	0 	0 	0 	0 	0 	0 	-8.97352388804505e-06 	0.000797365791647669 	0 	8.99900670610184e-06 	0 	-2.54828180567904e-08
2.75623668888838 	0.0144117621343031 	0.0125516921313291 	-0.00456148314010144 	1.0983652752832 	-0.0013251210350894 	0 	1.03541131806671 	-0.00388923425098318 	-0.000140134054187321 	-1.60945024604747e-05 	0.000922194729102706 	0 	1.61230096147356e-05 	0 	-2.8507154260832e-08 	0 	0 	0 	0 	0 	0 	-1.62239421398401e-05 	0.000929571257671114 	0 	1.62526713740139e-05 	0 	-2.87292341738899e-08
2.76999270150626 	0.0139863213257385 	0.0124041598021892 	-0.00440494760434969 	1.09732101721024 	-0.00133675634867761 	0 	1.03358188699804 	-0.003768270235121 	0.000211176995576564 	-2.16565535906995e-05 	0.00104589623386777 	0 	2.16915825575085e-05 	0 	-3.50289668090115e-08 	0 	0 	0 	0 	0 	0 	-2.18438642838286e-05 	0.00105492004320783 	0 	2.18791907808243e-05 	0 	-3.53264969956755e-08
2.78326259892174 	0.0135782700154091 	0.0122671228428811 	-0.0042597115930166 	1.0960646546268 	-0.00135189647716969 	0 	1.03155658503918 	-0.00365397581041953 	0.000548809544957453 	-2.56516454264196e-05 	0.00116297250661616 	0 	2.5697222618335e-05 	0 	-4.55771919153836e-08 	0 	0 	0 	0 	0 	0 	-2.58911982894091e-05 	0.00117382269229506 	0 	2.59371941444675e-05 	0 	-4.59958550583666e-08
2.79606355965862 	0.0131869531072462 	0.0121429582654995 	-0.00412498222153169 	1.09458655284155 	-0.00136985013923659 	0 	1.02932380086872 	-0.00354673233418882 	0.00084574051067847 	-2.80464742653826e-05 	0.00127400884749446 	0 	2.80830696336177e-05 	0 	-3.65953682351224e-08 	0 	0 	0 	0 	0 	0 	-2.83301358190815e-05 	0.00128689495465946 	0 	2.83670780174576e-05 	0 	-3.69421983760552e-08
2.80841215517947 	0.0128118277246309 	0.0120295660848104 	-0.0039998826694318 	1.09287458001435 	-0.00138970379890745 	0 	1.02690089130858 	-0.00344676558811995 	0.00111624973507044 	-2.8677936361837e-05 	0.00137975967852785 	0 	2.86717253915444e-05 	0 	6.21097029259057e-09 	0 	0 	0 	0 	0 	0 	-2.89927881700327e-05 	0.00139492931618576 	0 	2.89864738551333e-05 	0 	6.3143148994171e-09
2.82032437133825 	0.0124524564670659 	0.0119242384254218 	-0.00388376831867485 	1.09091361711491 	-0.00141025240324582 	0 	1.02427890608965 	-0.00335457892074026 	0.00135322261175112 	-2.72820892022454e-05 	0.00147903375633894 	0 	2.72363199397339e-05 	0 	4.57692625114452e-08 	0 	0 	0 	0 	0 	0 	-2.76079365295223e-05 	0.00149675608487801 	0 	2.7561590669447e-05 	0 	4.63458600752143e-08
2.8318156290747 	0.0121085124221476 	0.0118254722408517 	-0.00377706785349517 	1.08868784075503 	-0.00142997617517113 	0 	1.0214244638103 	-0.00326869666983268 	0.00153970402226544 	-2.4691120055777e-05 	0.00156879971637364 	1.96945571533375e-21 	2.49131015017682e-05 	2.51071128288771e-18 	-2.21981445991168e-07 	0 	0 	0 	0 	0 	0 	-2.50152750384193e-05 	0.0015893431487401 	1.96945413499493e-21 	2.52393767800843e-05 	2.54506691707441e-18 	-2.24101741664975e-07
2.84290080437757 	0.0117798086962151 	0.0117357920484809 	-0.00368153046534647 	1.08619037649146 	-0.00144952018160562 	-7.92685022361743e-18 	1.01833776180756 	-0.00318870064179702 	0.00170164389577785 	-2.51058105561935e-05 	0.00165094140101706 	2.59263334483883e-15 	2.52958051177753e-05 	-5.7077748327126e-18 	-1.89994561581775e-07 	0 	0 	0 	0 	0 	0 	-2.54689404140451e-05 	0.00167463822755573 	2.63159722858652e-15 	2.56604884193681e-05 	-5.79687732768755e-18 	-1.91548005322961e-07
2.85359424754223 	0.0114662930363105 	0.0116595772859404 	-0.00359583355646979 	1.08339878578832 	-0.00147210497432703 	4.74214298629267e-19 	1.01503428706662 	-0.00311521026579548 	0.00184460926782464 	-2.78828832981233e-05 	0.00173122495343606 	1.52727414860711e-16 	2.78289767522685e-05 	-4.9947880223873e-18 	5.39065458547949e-08 	0 	0 	0 	0 	0 	0 	-2.83231603858399e-05 	0.00175854563771829 	1.512964675464e-16 	2.82684106640877e-05 	-5.06491497179585e-18 	5.47497217522323e-08
2.86390980174789 	0.0111680196958965 	0.0115977071921203 	-0.00351682575883743 	1.08027441044005 	-0.00149819153123236 	8.39964714545535e-18 	1.01151687830705 	-0.00304669311380625 	0.00196028792800369 	-2.8775647281524e-05 	0.00181030189470999 	-2.43946608102026e-15 	2.88070931214261e-05 	5.36100856554179e-18 	-3.14458399021219e-08 	0 	0 	0 	0 	0 	0 	-2.92759578150552e-05 	0.00184180859619434 	-2.47985402047337e-15 	2.93078827536602e-05 	5.4534441440281e-18 	-3.19249386049902e-08
2.87386082097819 	0.0108851657715806 	0.0115484064620745 	-0.00344364676358106 	1.07678560396584 	-0.00152584878950705 	0 	1.00777699053209 	-0.00298185830541854 	0.00205467014589742 	-2.78398443386616e-05 	0.00188532872673204 	8.98951478824782e-23 	2.78993882528308e-05 	2.13839634093967e-18 	-5.95439141691487e-08 	0 	0 	0 	0 	0 	0 	-2.83749460564175e-05 	0.0019216330775825 	8.98951005525104e-23 	2.84354976002744e-05 	2.17751659191216e-18 	-6.05515438569025e-08
2.88346018730867 	0.0106180718956872 	0.0115082081258786 	-0.00337607791911875 	1.07289669415143 	-0.00155379191899428 	0 	1.00380231373869 	-0.0029215048001384 	0.00214829705035787 	-2.57074182790897e-05 	0.00195574378065252 	0 	2.57838258775011e-05 	0 	-7.64075984113422e-08 	0 	0 	0 	0 	0 	0 	-2.62557593669571e-05 	0.00199755560615974 	0 	2.63334463270165e-05 	0 	-7.76869600593914e-08
2.89272032758315 	0.010367274519234 	0.0114733537064796 	-0.00331395772468874 	1.06856412447497 	-0.0015809007262056 	0 	0.999562103099445 	-0.00286577435349186 	0.00225013589909995 	-2.27454583314158e-05 	0.00202249743314081 	0 	2.28225490640271e-05 	0 	-7.70907326113228e-08 	0 	0 	0 	0 	0 	0 	-2.32855692165478e-05 	0.00207067729156215 	0 	2.33639666814856e-05 	0 	-7.83974649377798e-08
2.90165322950093 	0.0101335323864644 	0.0114425503856771 	-0.00325699828183562 	1.06373498821558 	-0.00160614870337462 	0 	0.995036372430163 	-0.00281384061749653 	0.0023553105693845 	-1.91669453655518e-05 	0.00208641645615563 	0 	1.92382351936648e-05 	0 	-7.12898281129283e-08 	0 	0 	0 	0 	0 	0 	-1.96751554878011e-05 	0.0021420110004209 	0 	1.97477929619948e-05 	0 	-7.26374741936592e-08
2.91027045713544 	0.00991786347717663 	0.0114148158327825 	-0.00320489163118488 	1.05834506025345 	-0.00162849012691919 	0 	0.990202567845947 	-0.00276526978176334 	0.00245929011962343 	-1.5056276577561e-05 	0.00214827252810765 	0 	1.51283483440719e-05 	0 	-7.20717665109287e-08 	0 	0 	0 	0 	0 	0 	-1.55048818482528e-05 	0.00221256146348502 	0 	1.55784906517485e-05 	0 	-7.3608803495745e-08
2.9185831659045 	0.0097215885476811 	0.0113884299844352 	-0.00315739504800919 	1.05231607960438 	-0.00164679107370385 	0 	0.985017724172692 	-0.00271832565259243 	0.00255717529087859 	-1.05614650518045e-05 	0.00220886557675346 	0 	1.06425734870493e-05 	0 	-8.11084352448617e-08 	0 	0 	0 	0 	0 	0 	-1.09173032893148e-05 	0.00228342487045357 	0 	1.1000199365977e-05 	0 	-8.2896076662115e-08
2.92660211701151 	0.00954637349333457 	0.0113645387270409 	-0.00311430806030347 	1.0455522194267 	-0.00165976789380257 	0 	0.979454230964994 	-0.00267063078172726 	0.0026435415324383 	-5.87567561720744e-06 	0.0022690066696058 	0 	5.96605438075588e-06 	0 	-9.0378763548441e-08 	0 	0 	0 	0 	0 	0 	-6.0998212842808e-06 	0.0023557907555607 	0 	6.1923805552124e-06 	0 	-9.25592709316066e-08
2.93433769137638 	0.0093942531947695 	0.0113460956152908 	-0.00307543315946718 	1.03793570985294 	-0.00166609628405718 	0 	0.973441509756891 	-0.00261989091508747 	0.00269965045303427 	-1.14715422518395e-06 	0.0023294236775936 	0 	1.27042949957173e-06 	0 	-1.23275274387787e-07 	0 	0 	0 	0 	0 	0 	-1.19660268851362e-06 	0.00243086944488163 	0 	1.32350794036658e-06 	0 	-1.26905251852959e-07
2.94179990307414 	0.00926760365574409 	0.0113353464356937 	-0.00304050273344059 	1.02932165620994 	-0.00166461424597559 	0 	0.966896944182057 	-0.00256734810165927 	0.00273626013189594 	3.57083815169516e-06 	0.00239059499583613 	0 	-3.45245015256726e-06 	0 	-1.18387999127897e-07 	0 	0 	0 	0 	0 	0 	3.74401916288446e-06 	0.00250974978833831 	0 	-3.62239432559804e-06 	0 	-1.21624837286412e-07
2.94899841229863 	0.00916901260525897 	0.0113342025267589 	-0.00300871479856057 	1.01953226833382 	-0.00165350117385958 	0 	0.959719265324444 	-0.00251214812532759 	0.00276223914664906 	8.14881752273347e-06 	0.0024525097032839 	0 	-8.2416127402516e-06 	0 	9.27952175181333e-08 	0 	0 	0 	0 	0 	0 	8.59975946069446e-06 	0.00259318279246449 	0 	-8.70273894371706e-06 	0 	1.02979483022603e-07
2.95594253786806 	0.00910098840190363 	0.0113455822031642 	-0.00297912960618163 	1.00835101681051 	-0.00162977043654972 	0 	0.951789832255429 	-0.00245119436033451 	0.00276397790183289 	1.22265316792313e-05 	0.00251412827455864 	0 	-1.21902154717779e-05 	0 	-3.63162074534908e-08 	0 	0 	0 	0 	0 	0 	1.29724982730872e-05 	0.00268104579888802 	0 	-1.29480815616234e-05 	0 	-2.4416711463876e-08
2.96264126928874 	0.00906548407902535 	0.0113734423834474 	-0.00295517472228314 	0.995518840934093 	-0.00159816808888991 	0 	0.942948494234642 	-0.00238238873246303 	0.00274204686732277 	1.45509492637527e-05 	0.00257234596364227 	0 	-1.22455050121678e-05 	0 	-2.30544425158489e-06 	0 	0 	0 	0 	0 	0 	1.54653123342811e-05 	0.0027712469045209 	0 	-1.30384198532092e-05 	0 	-2.42689248107191e-06
2.96910327839237 	0.00906348493418339 	0.0114227961410257 	-0.00294414434912224 	0.980735360718827 	-0.00158239748964621 	0 	0.932930342138154 	-0.00230296551260076 	0.00270069198325661 	1.7743336396147e-05 	0.00262213755778747 	0 	-1.65240343457464e-05 	0 	-1.2193020504006e-06 	0 	0 	0 	0 	0 	0 	1.90926907135622e-05 	0.00285984886628636 	0 	-1.78863565500429e-05 	0 	-1.20633416351929e-06
2.97533693056215 	0.009095392642967 	0.0114992761504502 	-0.00292336645362001 	0.963657278706358 	-0.0015078477989082 	0 	0.921317738767877 	-0.00221364778718678 	0.00262511677389972 	2.16545945602974e-05 	0.00266890679402491 	0 	-2.3849586446105e-05 	0 	2.19499188580756e-06 	0 	0 	0 	0 	0 	0 	2.36740252346256e-05 	0.00295475135231449 	0 	-2.62023238567851e-05 	0 	2.52829862215958e-06
2.98135029556221 	0.00915915875012045 	0.0116107176271354 	-0.00287629650826114 	0.943805716667743 	-0.00140902066475007 	0 	0.90764059581959 	-0.00211265616766147 	0.00250643831821511 	2.4271181890828e-05 	0.00273526741052219 	0 	-2.17969631280562e-05 	0 	-2.47421876277178e-06 	0 	0 	0 	0 	0 	0 	2.6633650613786e-05 	0.00308440003368012 	0 	-2.4001558130578e-05 	0 	-2.63209248320799e-06
2.98715115798429 	0.00923560122614228 	0.011769486436642 	-0.00285377423055451 	0.920162791647054 	-0.00137738849972475 	0 	0.891253260730825 	-0.00199710569792535 	0.00237712352891987 	4.31413261207291e-05 	0.00282106764125576 	2.32485498947389e-20 	-3.68278039799547e-05 	1.42298330820409e-18 	-6.31352214077432e-06 	0 	0 	0 	0 	0 	0 	4.67511098006858e-05 	0.00325440704479627 	2.32485647510653e-20 	-4.0335125570032e-05 	1.66118386211436e-18 	-6.41598423065383e-06
2.99274702732526 	0.00930276311945352 	0.0119883432895727 	-0.00286729614824443 	0.891655529630392 	-0.00120851473535999 	-2.77457750806368e-17 	0.871085531322596 	-0.00186348631535348 	0.0022239687378125 	4.87172632420855e-05 	0.00287904883142703 	2.93666209401464e-16 	-4.39661510878219e-05 	-1.40086571828389e-18 	-4.75111215426359e-06 	0 	0 	0 	0 	0 	0 	5.3441441113896e-05 	0.00342005153753607 	3.54742754867776e-16 	-4.88574121287093e-05 	-1.52727577754267e-18 	-4.58402898518674e-06
2.99814514770852 	0.00934956906545121 	0.0122700206506806 	-0.00289777480020905 	0.857365713446246 	-0.00108127299961318 	3.95208140385851e-18 	0.845615408158394 	-0.00170283159080122 	0.00203492691821512 	2.85261535700649e-05 	0.00289769712799829 	5.04589500191474e-17 	-6.50722924003123e-06 	-1.72041886168089e-18 	-2.20189243300337e-05 	0 	0 	0 	0 	0 	0 	2.94450895426732e-05 	0.00357503257181225 	4.82249407728026e-17 	-3.13133492134465e-06 	-2.2451179254149e-18 	-2.63137546213286e-05
3.00335250726192 	0.00935830643247949 	0.0126037076101978 	-0.0029538705462351 	0.815852909198741 	-0.00161545324177948 	3.16965408451286e-17 	0.812412537315924 	-0.00150808090825077 	0.00184961070613258 	5.45361825784572e-05 	0.00287606872306897 	-2.43156405556243e-16 	-4.58876858664208e-05 	1.9692533775511e-18 	-8.64849671203634e-06 	0 	0 	0 	0 	0 	0 	6.16195330886979e-05 	0.00373259000320425 	-3.06464202428917e-16 	-5.4125154237446e-05 	2.1015796670944e-18 	-7.49437885125192e-06
