0.44815628429555 	1e-15 	1e-15 	0.233063337886617 	0 	0 	0 	0 	0 	0 	2.3971073987357e-17 	-3.82187228003956e-18 	-4.31488238727764e-33 	-2.3430022902914e-17 	4.42812082775651e-33 	-5.41051084442993e-19 	0 	0 	0 	0 	0 	0 	0.00261834198095487 	-0.000754895572846901 	-4.16817022175798e-19 	-0.0025724346412651 	5.22207344247265e-19 	-4.59073396897679e-05
0.454546372221147 	0.0012039319806784 	0.0101887672778873 	0.233015766406875 	0.106824093106392 	0.081554057547522 	-3.68982562729884e-18 	0.162794015802946 	0.125578410793792 	-0.000124370451563017 	0.000114331225149972 	2.04453779323991e-05 	9.54162567337817e-21 	-0.000113045622763621 	-5.88065958866364e-21 	-1.28560238635084e-06 	0 	0 	0 	0 	0 	0 	0.00217259967760521 	-0.000539381760428785 	3.53387031034705e-20 	-0.0021762392343672 	-4.41413970079959e-20 	3.6395567619924e-06
0.46116739702014 	0.00618086735416118 	0.0246048345613725 	0.233047916961309 	0.185173439018098 	0.142132185081465 	5.29857278753854e-18 	0.261477577908534 	0.200414448914738 	-3.09685891636031e-05 	0.000904540983451683 	0.00024722068834021 	-8.12619498299405e-20 	-0.000867289026626044 	3.44501382640456e-20 	-3.72519568256384e-05 	0 	0 	0 	0 	0 	0 	0.00219169974408995 	-0.000145559296528636 	-6.22503220435325e-20 	-0.0021587017265145 	1.0848143946498e-20 	-3.2998017575453e-05
0.468027591210071 	0.0134985008035028 	0.0366965910370763 	0.233054791567896 	0.229239772367159 	0.172721554239591 	-3.05154024092318e-19 	0.310236494705827 	0.235739986447833 	-0.00059756575536539 	0.00202885994674339 	0.000376867592748042 	-8.43450667760778e-20 	-0.00192545295600858 	2.42658460238947e-20 	-0.000103406990734803 	0 	0 	0 	0 	0 	0 	0.00265491855230819 	0.000126057369018085 	-1.17174449761979e-19 	-0.00254492235839405 	6.13922828397444e-20 	-0.000109996193914144
0.475135472776224 	0.0195917274328858 	0.0437122249387547 	0.232629988503816 	0.251767082278936 	0.186751862635056 	-1.3085487587041e-19 	0.333485420580552 	0.250859726052558 	-0.00117387360663153 	0.00263770805778474 	4.8543892684043e-05 	5.18420481646824e-20 	-0.00251140401314941 	-1.15423131151761e-20 	-0.000126304044635326 	0 	0 	0 	0 	0 	0 	0.00293139924636963 	-0.000112621998956482 	5.50235436566846e-20 	-0.00280391424013905 	-1.49495600334878e-20 	-0.000127485006230582
0.48249985451996 	0.0243228895829172 	0.0475015503936829 	0.231730567395227 	0.265755109902308 	0.194785250288036 	1.92146689163048e-19 	0.347594277433558 	0.258681767571062 	-0.0016606989213004 	0.00293346350877972 	-0.000553759571465336 	-3.01160796197323e-20 	-0.00279230320831572 	5.20960503744193e-20 	-0.000141160300463994 	0 	0 	0 	0 	0 	0 	0.00309792474670286 	-0.00067865743376983 	-2.85621784704154e-20 	-0.00295846151570287 	5.4867979909483e-20 	-0.00013946323099999
0.490129853676676 	0.0282171585993297 	0.0498495655078219 	0.230628893085793 	0.276389731278073 	0.199955441862868 	-3.24285923621488e-19 	0.358281462934511 	0.263701959705892 	-0.00210886374794387 	0.00319213292588383 	-0.00129835170265729 	-1.78751313412479e-19 	-0.00299478835825186 	-1.424698273538e-19 	-0.000197344567631973 	0 	0 	0 	0 	0 	0 	0.00329897341543033 	-0.0014103447461928 	-1.8754823051484e-19 	-0.00310223354862281 	-1.45929681000101e-19 	-0.000196739866807515
0.498034901809064 	0.0315825287231248 	0.0513366828413118 	0.229455579436456 	0.285380611779488 	0.203609958315929 	-7.32874760455339e-20 	0.367182751100343 	0.267217629661178 	-0.0024758158606681 	0.00344041463696526 	-0.00210349799131375 	2.57929315324759e-19 	-0.00318233648509292 	-8.11806299901958e-20 	-0.000258078151872343 	0 	0 	0 	0 	0 	0 	0.00351640685943582 	-0.00220846324263075 	2.61038246565927e-19 	-0.00325836873177018 	-8.59802657858852e-20 	-0.000258038127665646
0.506224754981008 	0.0345913061080216 	0.0522776883122991 	0.228208323563655 	0.293441189247698 	0.20640467411613 	4.61860692228116e-19 	0.375373994412015 	0.270081630367044 	-0.00282292450996313 	0.00368660532553212 	-0.00295085254312053 	4.9203320440269e-19 	-0.00337269178792558 	5.53566435924054e-19 	-0.000313913537606541 	0 	0 	0 	0 	0 	0 	0.00374387872775816 	-0.00305108117994469 	5.06773148619498e-19 	-0.00342995017717936 	5.6276074107171e-19 	-0.000313928550578799
0.514709504217638 	0.0373464499186417 	0.05282992471114 	0.226870997731037 	0.30094390527136 	0.20864435557689 	3.01512586112139e-20 	0.383062230732979 	0.272446752769686 	-0.00308951321145806 	0.00393042444746625 	-0.00385053034380576 	-2.47383770271953e-19 	-0.00355925863485564 	5.18310475530627e-20 	-0.00037116581261061 	0 	0 	0 	0 	0 	0 	0.00397520267876818 	-0.00394747554752073 	-2.49208234847916e-19 	-0.00360403801705166 	5.47074767697966e-20 	-0.000371164661716523
0.52349958625702 	0.0399135518704824 	0.0531038185399952 	0.22543975089016 	0.308102167065911 	0.210488732948601 	-2.66218647203439e-20 	0.39046162646976 	0.274455016662829 	-0.0031994717522055 	0.0041675423624507 	-0.00480409609591351 	1.12965352967089e-19 	-0.00373602510107514 	-6.61846429270186e-20 	-0.000431517261375561 	0 	0 	0 	0 	0 	0 	0.00420336801294398 	-0.00489866399730772 	1.13154968721716e-19 	-0.00377185755857407 	-6.60029340017619e-20 	-0.000431510454369905
0.53260579459881 	0.0423366507993488 	0.0531713025814005 	0.223915969124983 	0.315048299911812 	0.212033304776572 	1.79617868373733e-20 	0.397738523382079 	0.276221375475863 	-0.00328614239761194 	0.00439429539180192 	-0.00580796266532197 	-2.51552489047183e-19 	-0.00390008513986012 	4.60744929585233e-20 	-0.000494210251941797 	0 	0 	0 	0 	0 	0 	0.0044233645470713 	-0.00590072150252453 	-2.52320017425637e-19 	-0.00392916028045899 	4.77492550104327e-20 	-0.00049420426661231
0.542039290855253 	0.0446465462511973 	0.0530786057807791 	0.22230103761946 	0.321870195112976 	0.213339613826327 	-3.27583562032128e-19 	0.404878566819171 	0.277729319892293 	-0.00339684262846171 	0.00460737457789038 	-0.00685782049072658 	-1.51210909185111e-18 	-0.00404907432531985 	-1.33185437875925e-18 	-0.000558300252570529 	0 	0 	0 	0 	0 	0 	0.00463113331074237 	-0.0069491446127756 	-1.52955685513409e-18 	-0.00407283774125778 	-1.343676702579e-18 	-0.000558295569484586
0.551811616409854 	0.0468654423715163 	0.0528601627594174 	0.220595621892342 	0.328629801064916 	0.214448773909482 	8.93936687924598e-20 	0.411966387947635 	0.279049208810844 	-0.00340704134536157 	0.00480346803190999 	-0.00794960166718242 	3.45518751824508e-17 	-0.00418037068945151 	-2.2374556247695e-17 	-0.000623097342458475 	0 	0 	0 	0 	0 	0 	0.00482291094247157 	-0.00803975148957363 	3.47139892880671e-17 	-0.00419981754683063 	-2.25889547430904e-17 	-0.00062309339564094
0.561934704388959 	0.0490096841220495 	0.0525424758043353 	0.218800039482919 	0.335372945715616 	0.215388782406592 	4.74895783476356e-17 	0.419103812552833 	0.280256270051673 	-0.00336838460565062 	0.00497911579769308 	-0.00907928391941453 	3.97988383222175e-16 	-0.0042910865726963 	3.19346271488864e-16 	-0.000688029224996778 	0 	0 	0 	0 	0 	0 	0.00499494958035485 	-0.00916844751787771 	4.01074787253469e-16 	-0.0043069238634456 	3.21231472194548e-16 	-0.00068802571690925
0.572420891951436 	0.0510914467665917 	0.0521480827163075 	0.216914452086123 	0.342134887241775 	0.216178844856175 	2.73712229909761e-18 	0.426280665818731 	0.281327322577388 	-0.00337771553869381 	0.00513068773898257 	-0.0102426848501119 	-8.72557132781595e-17 	-0.00437814360774013 	-1.23785446671166e-18 	-0.00075254413124244 	0 	0 	0 	0 	0 	0 	0.00514342692472706 	-0.0103310009583392 	-8.73332559725514e-17 	-0.00439088596876781 	-9.60650226066952e-19 	-0.000752540955959249
0.583282932901702 	0.0531198196681044 	0.0517002498210925 	0.214938921247945 	0.34894365146429 	0.216832003550808 	-3.12758473346183e-18 	0.433507609908434 	0.282258578018411 	-0.00336854524706422 	0.00525439297063878 	-0.0114353675568273 	5.75790583117908e-17 	-0.00443829872470503 	3.4882304990106e-17 	-0.000816094245933751 	0 	0 	0 	0 	0 	0 	0.00526441888519503 	-0.0115229394857913 	5.7585617045851e-17 	-0.00444832751780471 	3.48340453597228e-17 	-0.000816091367390322
0.594534010630998 	0.0551015222248194 	0.0512237177810636 	0.212873480866643 	0.355822134396891 	0.217356785007432 	1.55207465935422e-18 	0.440836620842297 	0.28306836097194 	-0.00338429337172726 	0.0053463105125017 	-0.0126525447985485 	-8.55929648211012e-17 	-0.00446818561346953 	-3.28673869511008e-18 	-0.000878124899032164 	0 	0 	0 	0 	0 	0 	0.00535390919922318 	-0.0127394492421199 	-8.56307243588481e-17 	-0.00447578694472401 	-3.11318315825397e-18 	-0.000878122254499171
0.60618775139221 	0.0570413873178551 	0.0507361760003876 	0.210718302515035 	0.362789461842683 	0.217758287186755 	-3.7582232979036e-17 	0.448307447019734 	0.283763220040785 	-0.00343335312720435 	0.00540246650116362 	-0.0138889431234853 	-5.29667343926196e-16 	-0.00446441865712784 	-3.83967712917033e-16 	-0.000938047844035787 	0 	0 	0 	0 	0 	0 	0.00540785411410135 	-0.0139752357339494 	-5.3245891298773e-16 	-0.00446980898490941 	-3.85626102395767e-16 	-0.000938045129191937
0.618258237912983 	0.0589426929312052 	0.0502447325615559 	0.208473824385417 	0.369861882313272 	0.218038946374737 	1.18818145139381e-19 	0.455899346691463 	0.284325852671379 	-0.00346920727826061 	0.00541885341735968 	-0.0151387770156804 	4.33027385009297e-17 	-0.00442357166982371 	-2.67756734009323e-17 	-0.000995281747535964 	0 	0 	0 	0 	0 	0 	0.00542219359473371 	-0.0152244964507202 	4.3423275719365e-17 	-0.00442691503424072 	-2.69162027343406e-17 	-0.000995278560492985
0.630760023352268 	0.0608073899640212 	0.0497536746757506 	0.206139947893008 	0.377053411601314 	0.218198942384617 	-4.30573728683993e-20 	0.463616877123108 	0.284760621146447 	-0.0035051498608492 	0.00539127885840004 	-0.0163964046815385 	-9.54327738864087e-19 	-0.00434146090172266 	-5.22929864665204e-19 	-0.00104981795667739 	0 	0 	0 	0 	0 	0 	0.00539269376816652 	-0.0164815782758676 	-9.57874723923515e-19 	-0.00434287715520212 	-5.2360369505634e-19 	-0.0010498166129644
0.643708145605081 	0.0626362457068071 	0.0492699651855211 	0.203713567031826 	0.384376577830157 	0.218235689776548 	-1.55079067737855e-19 	0.471466279946837 	0.285053308574397 	-0.00349482809303097 	0.00531579425910879 	-0.0176568552617513 	-4.17674540251603e-18 	-0.00421322368946039 	-3.04869291374502e-18 	-0.0011025705696484 	0 	0 	0 	0 	0 	0 	0.00531537211955434 	-0.0177415054270081 	-4.19120773716945e-18 	-0.00421279252962524 	-3.05643557347151e-18 	-0.0011025795899291
0.657118141960479 	0.0644289322139712 	0.048808809433633 	0.201194525649664 	0.391843140555215 	0.218143652695127 	-1.3769549927396e-19 	0.479420072756643 	0.285175260651171 	-0.00347403584935795 	0.00518986494899747 	-0.0189081590828903 	2.82216962742448e-17 	-0.00403953007005913 	-2.36988372339192e-17 	-0.00115033487893834 	0 	0 	0 	0 	0 	0 	0.00518767589826615 	-0.0189922815491395 	2.82671280434781e-17 	-0.00403732625009391 	-2.37920392838868e-17 	-0.00115034964817224
0.671006064117507 	0.0661846021451682 	0.0483778077476241 	0.198628384491631 	0.399460975651214 	0.217921709115322 	2.57716165660045e-17 	0.487502497580109 	0.28511732848685 	-0.00348012662233052 	0.00504149045781176 	-0.02013463079136 	8.6225725193368e-16 	-0.00384819829474464 	5.18803307764449e-16 	-0.00119329216306712 	0 	0 	0 	0 	0 	0 	0.00503764835358678 	-0.0202182242062325 	8.64818555060774e-16 	-0.00384436499038943 	5.20182854854969e-16 	-0.00119328336319735
0.685388493564136 	0.0679067899248204 	0.0479773199756103 	0.196136892167411 	0.407251255639936 	0.2175784515151 	5.42053920001861e-19 	0.495732428982427 	0.284866949689318 	-0.00348272860606901 	0.00495473719509882 	-0.0212318117274636 	-6.01299838662079e-17 	-0.00371547676803933 	5.84226440694273e-17 	-0.00123926042705949 	0 	0 	0 	0 	0 	0 	0.00494950850495624 	-0.0213150648793307 	-6.0096450098175e-17 	-0.00371028196742249 	5.86689278297379e-17 	-0.00123922653753375
0.700282557324051 	0.0696091501205363 	0.0476088075340011 	0.1938169019404 	0.41528958773837 	0.217129479697143 	-2.60538037578865e-17 	0.504131135253293 	0.28444005762177 	-0.0035129883780016 	0.00498631843390031 	-0.0220599232276683 	-8.88555914966903e-16 	-0.00368374568566193 	-5.35993607616937e-16 	-0.00130257274823838 	0 	0 	0 	0 	0 	0 	0.00498008843721099 	-0.0221432347729157 	-8.91064932728813e-16 	-0.00367753407579493 	-5.37346218544869e-16 	-0.00130255436141607
0.715705944076276 	0.0713071067248748 	0.0472709805148689 	0.191614539689095 	0.423674514945438 	0.216592601778827 	2.81152514639238e-20 	0.512718994383657 	0.28384042779063 	-0.00358814594921263 	0.00512601588758872 	-0.0227051787928276 	3.42874963382999e-17 	-0.00374599748781681 	-2.43956551320728e-17 	-0.00138001839977191 	0 	0 	0 	0 	0 	0 	0.00511904769205866 	-0.0227888353856218 	3.43422741696616e-17 	-0.00373901904535555 	-2.44779443509974e-17 	-0.00138002864670311
0.731676920652787 	0.0730042423783138 	0.0469595085215284 	0.189386459246374 	0.432455213937765 	0.215976456760462 	-1.28380543540539e-21 	0.521454041162429 	0.283031306841215 	-0.0036541167019659 	0.00530220472229555 	-0.0233233458165325 	-3.28441881343416e-20 	-0.00384668796654042 	4.43053677946542e-20 	-0.00145551675575512 	0 	0 	0 	0 	0 	0 	0.0052945228600012 	-0.0234073698820642 	-3.28362133366531e-20 	-0.00383899270358338 	4.43725577893172e-20 	-0.00145553015641782
0.748214348919283 	0.074693828807616 	0.0466663451830811 	0.187040633088633 	0.441641688070699 	0.215274689759567 	4.55738724282147e-21 	0.530328357916521 	0.281983370088147 	-0.00365734872451408 	0.00544514526112993 	-0.0239518075950053 	4.13312169838919e-19 	-0.00391618920469206 	-7.32070917113445e-19 	-0.00152895605643786 	0 	0 	0 	0 	0 	0 	0.00543664963567072 	-0.0240361174479658 	4.14243694840636e-19 	-0.00390769082014604 	-7.31575633338797e-19 	-0.00152895881552468
0.765337703044545 	0.0763662461749153 	0.0463858525147406 	0.184558671309133 	0.451240064163306 	0.214470693173463 	4.58717064615678e-21 	0.539377315379282 	0.280680492166614 	-0.00359013422886935 	0.00553989014461246 	-0.0245907031343624 	3.93329149000253e-19 	-0.00393822606086578 	3.4919937550436e-19 	-0.00160166408374667 	0 	0 	0 	0 	0 	0 	0.00553046042029637 	-0.0246752127676024 	3.94444030238367e-19 	-0.00392879798839393 	3.49972453766369e-19 	-0.00160166243190244
0.783067087164076 	0.0780109736973934 	0.0461111543878781 	0.181942982543489 	0.461254716762737 	0.213545097773078 	-2.63314170273307e-20 	0.548577520607068 	0.27912113953639 	-0.00345344412251013 	0.00558188494099111 	-0.0252368146529364 	-7.13298759550647e-19 	-0.00390914646060949 	4.48762526251054e-19 	-0.00167273848038162 	0 	0 	0 	0 	0 	0 	0.00557140532424147 	-0.0253214182600413 	-7.15038742543708e-19 	-0.00389866763669021 	4.48129096078211e-19 	-0.00167273768755126
0.801423253443937 	0.0796165011372003 	0.0458319563374745 	0.179192178411066 	0.471685407803951 	0.212479309860387 	-3.36999738840489e-20 	0.557942974499471 	0.277314864327663 	-0.00327848721958064 	0.00556693935769689 	-0.0258857641082761 	-1.20677492334832e-18 	-0.00382691492266819 	-1.06855424945296e-18 	-0.0017400244350287 	0 	0 	0 	0 	0 	0 	0.00555530102866138 	-0.0259703297278853 	-1.20985815912591e-18 	-0.00381527660493949 	-1.07004210418898e-18 	-0.00174002442372189
0.82042762055114 	0.0811704773092619 	0.0455421130563106 	0.176304321838423 	0.482527762722431 	0.211254197989195 	-1.16615077673163e-20 	0.567463227264152 	0.275223170976982 	-0.00312529369196541 	0.00549130575750983 	-0.0265328599219231 	-6.05025968238038e-19 	-0.00368856373940677 	-6.13132126487396e-19 	-0.00180274201810306 	0 	0 	0 	0 	0 	0 	0.00547840760120647 	-0.0266172375529639 	-6.06631607771279e-19 	-0.00367566536914004 	-6.14143021351499e-19 	-0.00180274223206643
0.840102292537379 	0.0826599525682654 	0.0452437716272506 	0.173280203101935 	0.49377386054615 	0.209849893008446 	2.28850244134786e-20 	0.577097293865869 	0.272835149900872 	-0.00296873216650856 	0.00535305557819365 	-0.0271727713478668 	2.03534832401052e-18 	-0.00349246453502608 	-8.22819994378944e-19 	-0.00186059104316757 	0 	0 	0 	0 	0 	0 	0.00533880728238374 	-0.0272567977946535 	2.04354137722732e-18 	-0.00347821586970154 	-8.21747902532257e-19 	-0.00186059141268221
0.860470078143455 	0.0840715798695954 	0.0449506251674217 	0.170123533430137 	0.505412535834325 	0.208246286400202 	-3.59923798784015e-20 	0.586783770446247 	0.270125849972285 	-0.00279985431507294 	0.00515233809338526 	-0.0277995096671796 	-1.32416692883671e-18 	-0.00323895022881689 	-1.20775616936263e-18 	-0.00191338786456837 	0 	0 	0 	0 	0 	0 	0.00513666331468872 	-0.0278830125140237 	-1.32715379188187e-18 	-0.00322327482980463 	-1.20913510560085e-18 	-0.00191338848488409
0.88155451053236 	0.0853918124591911 	0.0446809831512638 	0.166840705844516 	0.517430022283451 	0.206423470036417 	3.57577351543645e-20 	0.596470855314753 	0.267063130954156 	-0.00263530313553536 	0.00489155064904218 	-0.0284067552151458 	-1.29321151134311e-19 	-0.00293050294016647 	2.57284656172203e-18 	-0.00196104770887571 	0 	0 	0 	0 	0 	0 	0.00487438921850092 	-0.0284895578228333 	-1.33254556669473e-19 	-0.00291334072228039 	2.57366886378268e-18 	-0.00196104849622053
0.903379867459776 	0.0866070963406646 	0.0444436539292319 	0.163441197750191 	0.52981078951407 	0.204362199379361 	-3.64129304429104e-20 	0.60625021709015 	0.26367142373907 	-0.00249620193435147 	0.00457594927586389 	-0.0289885161268064 	-1.07505851316881e-18 	-0.00257188029923205 	3.52955849365665e-19 	-0.00200406897663184 	0 	0 	0 	0 	0 	0 	0.00455725940539712 	-0.0290704438177285 	-1.07724298159243e-18 	-0.00255318948875892 	3.52576502700215e-19 	-0.0020040699166382
0.925971191891679 	0.0877039973364832 	0.0442411606546363 	0.15993767477322 	0.542538901030334 	0.202044184319837 	-5.46933802007226e-20 	0.616222472350755 	0.259981516030198 	-0.00238564144688265 	0.004212844944809 	-0.0295384467178929 	-1.99466604708834e-18 	-0.00217002363420888 	-1.68116613109201e-18 	-0.00204282131060012 	0 	0 	0 	0 	0 	0 	0.00419260460275973 	-0.0296193320342285 	-1.9994107813118e-18 	-0.00214978208198162 	-1.68308851789485e-18 	-0.00204282252077811
0.949354313079661 	0.0886692674883286 	0.0440956402756196 	0.156346241862971 	0.555598696915747 	0.199452564366664 	1.66254459654616e-20 	0.626377226329379 	0.255994720804233 	-0.00234822373625494 	0.00381428968707556 	-0.0300534532914507 	3.40889015446657e-19 	-0.00173595341172869 	4.00781528773785e-19 	-0.00207833627534687 	0 	0 	0 	0 	0 	0 	0.00379249767798949 	-0.0301331407066436 	3.41774270963646e-19 	-0.00171416033922616 	4.01244343332327e-19 	-0.00207833733876333
0.973555868105886 	0.0894897120171873 	0.0440139064622906 	0.15268759578531 	0.568976409109272 	0.196572587381302 	-8.03674318840182e-20 	0.636638442341749 	0.251679077965017 	-0.00252127665699025 	0.00339431191665709 	-0.0305282849739335 	-3.36290439607814e-18 	-0.00128210297348819 	-1.37393716818381e-18 	-0.00211220894316889 	0 	0 	0 	0 	0 	0 	0.00337099149174333 	-0.0306066389767263 	-3.37003245012632e-18 	-0.00125878126139871 	-1.37633432298525e-18 	-0.00211221023034462
0.998603323910896 	0.090151953426799 	0.0439849102026521 	0.148985561325579 	0.582662584391489 	0.19339182605205 	3.15809630985526e-20 	0.646954983838434 	0.246991554716744 	-0.00295340758151953 	0.00297051547578278 	-0.0309577746467174 	1.46629014942665e-18 	-0.000825788437173014 	-1.33674502063656e-18 	-0.00214472703860977 	0 	0 	0 	0 	0 	0 	0.00294571783253221 	-0.031034681001012 	1.47035440858508e-18 	-0.000800989436654499 	-1.33646101085069e-18 	-0.00214472839587771
1.02452499981898 	0.0906420449793956 	0.0439814790650271 	0.145268320871004 	0.596651175891982 	0.189902467974976 	9.80350578298852e-20 	0.657329148872289 	0.241914198535988 	-0.00349791269903331 	0.00255872179502387 	-0.0313391009539112 	1.05788317244866e-16 	-0.000382210984294314 	-1.26446785942141e-16 	-0.00217651081072955 	0 	0 	0 	0 	0 	0 	0.00253252544506698 	-0.0314144589635331 	1.05897996896801e-16 	-0.000356015508115858 	-1.26667523829253e-16 	-0.00217650993695112
1.05135009057777 	0.0909449312230913 	0.0439634418670488 	0.141568444209789 	0.610936688500433 	0.186100692772704 	1.29966853798383e-16 	0.667789011215004 	0.236498838840585 	-0.00393856093344035 	0.00219735751665401 	-0.0316722642678541 	6.00078987387214e-15 	1.32183377027107e-05 	4.05147831891177e-15 	-0.00221057585435672 	0 	0 	0 	0 	0 	0 	0.0021698928524776 	-0.0317460114713042 	6.01253248439887e-15 	4.06820019030202e-05 	4.05495408535301e-15 	-0.00221057485438062
1.07910868993028 	0.0910437217116125 	0.0439374131722181 	0.137904968496235 	0.625532737035453 	0.181992110030363 	8.44298911062096e-18 	0.678351115608166 	0.230821662652909 	-0.00414199142882495 	0.00185857155272004 	-0.0319223616452277 	6.15346892171411e-16 	0.000376670262284131 	5.05221103403564e-16 	-0.00223524181500417 	0 	0 	0 	0 	0 	0 	0.00183002667666241 	-0.0319944705069678 	6.16727116282084e-16 	0.000405217007109443 	5.05602962681988e-16 	-0.00223524368377186
1.10783181474037 	0.090921372470756 	0.043891960989448 	0.13427921806209 	0.640451644271093 	0.177591747989316 	1.64028475674397e-16 	0.688808907406836 	0.224844755291732 	-0.003993235182629 	0.00156753724585974 	-0.0321089853753352 	7.02433388776736e-15 	0.000691006118641346 	1.04947580150465e-15 	-0.00225854336450108 	0 	0 	0 	0 	0 	0 	0.00153808250186559 	-0.0321793575979026 	7.03746152909389e-15 	0.000720462338517534 	1.05229866179743e-15 	-0.00225854484038312
1.13755142969451 	0.0905596403421532 	0.0437746869222212 	0.130693735187273 	0.655654154930584 	0.172907121833895 	1.34890556879009e-16 	0.699102745965364 	0.218523764260526 	-0.00347413421430923 	0.00134499437516471 	-0.032245870539356 	6.58336797779786e-15 	0.000940321324444974 	4.67427383252321e-15 	-0.00228531569960968 	0 	0 	0 	0 	0 	0 	0.00131479515108576 	-0.0323143116005403 	6.59651099766902e-15 	0.000970522161398277 	4.67841229739035e-15 	-0.00228531731248404
1.16830047260584 	0.0899390444217642 	0.0435731074884886 	0.127148800080529 	0.671080465785425 	0.167954112600417 	-3.01898857573126e-16 	0.709287994117022 	0.211904615944702 	-0.00273174353683623 	0.00111361789404403 	-0.032272343663758 	-1.28385981281035e-14 	0.00118397321298125 	-4.85721050999784e-15 	-0.00229759110702528 	0 	0 	0 	0 	0 	0 	0.00108290013255833 	-0.0323386402695755 	-1.28619504709522e-14 	0.00121469481705836 	-4.86288758203371e-15 	-0.00229759494961669
1.20011288034935 	0.0890438556912482 	0.0433069978645843 	0.123643831539486 	0.686670199671053 	0.162763643752777 	-1.43686021669459e-16 	0.719235039676021 	0.20503141097684 	-0.00203932744261792 	0.000874931975649664 	-0.0321814738270976 	-6.62335402271653e-15 	0.0014175161563013 	-4.53332259388848e-15 	-0.00229244813195097 	0 	0 	0 	0 	0 	0 	0.000843930650735359 	-0.0322453937393594 	-6.63554747073451e-15 	0.00144852033494585 	-4.53693714907022e-15 	-0.00229245098568121
1.21854531025303 	0.0883846570293979 	0.0431379093541473 	0.121709076404336 	0.695446359789313 	0.159745794214568 	-6.43100708957866e-17 	0.724683571461531 	0.20104560641071 	-0.00167730761199912 	0.000743263922185046 	-0.0320694663674457 	-2.90744184505102e-15 	0.00154053863378769 	-2.10624402871733e-15 	-0.00228380255597274 	0 	0 	0 	0 	0 	0 	0.000712231414409858 	-0.0321319224381173 	-2.91285461850287e-15 	0.00157157405045564 	-2.10798149268446e-15 	-0.0022838054648655
1.23302700812057 	0.0878632776395821 	0.0430045774322935 	0.120168742665053 	0.702356539903186 	0.157350080010708 	2.64324226606502e-20 	0.728980347251395 	0.197881674362269 	-0.00139361561159452 	0.000630579256137481 	-0.0319769577852774 	1.06195737557278e-16 	0.00165029470260422 	-1.40048926504855e-16 	-0.0022808739587417 	0 	0 	0 	0 	0 	0 	0.000599520566969279 	-0.0320382433903497 	1.06281416974108e-16 	0.00168135622189226 	-1.40267853824983e-16 	-0.00228087678886153
1.26707942691614 	0.0863939559202032 	0.0426775091199986 	0.116725949999408 	0.718053670498696 	0.151744098945627 	4.60625381890827e-20 	0.738573850629863 	0.190435040416214 	-0.000580844547045782 	0.000317608170265525 	-0.0316004637923852 	2.2371262355015e-18 	0.00193340427527181 	8.5152297570258e-19 	-0.00225101244553733 	0 	0 	0 	0 	0 	0 	0.000286761299993259 	-0.0316588995136692 	2.24105879474573e-18 	0.00196425133155131 	8.52407058704881e-19 	-0.00225101263154457
1.30230262138102 	0.0846444707295325 	0.0422879226723543 	0.113342523583885 	0.733657530607266 	0.146018115982832 	-4.46093179164352e-20 	0.748145202840206 	0.182839580480306 	0.000222530668098799 	-9.75075143931138e-05 	-0.0310498900437092 	-2.02077033360591e-18 	0.0022978294586066 	-2.33589908174788e-19 	-0.00220032194421348 	0 	0 	0 	0 	0 	0 	-0.000127924520491668 	-0.0311052628597001 	-2.02406407258892e-18 	0.00232824885653665 	-2.34076328611578e-19 	-0.00220032433604499
1.33873474259264 	0.0826327950033794 	0.0418080482594846 	0.109991264655893 	0.749033803551311 	0.140189058651039 	-6.49939751508186e-20 	0.757789729459841 	0.175196357369769 	0.000846446686278412 	-0.00052670249471471 	-0.0304375159483416 	8.08701584249567e-17 	0.00267401848301796 	-1.19090697830065e-16 	-0.00214731598830325 	0 	0 	0 	0 	0 	0 	-0.000556636217513066 	-0.0304895510890919 	8.09146581021307e-17 	0.00270396124067773 	-1.19262990933957e-16 	-0.00214732502316467
1.37641508001276 	0.0803796150187275 	0.041251196848666 	0.106635946013733 	0.764007076468433 	0.134255278871226 	1.40234520732494e-16 	0.767336543181705 	0.167529365207028 	0.00155203334241544 	-0.00104216160039199 	-0.0297007928900684 	9.10326974647137e-15 	0.00311685413174301 	4.3899128119023e-15 	-0.00207469253135103 	0 	0 	0 	0 	0 	0 	-0.00107153258999798 	-0.029749315227563 	9.11717236132261e-15 	0.00314623353830973 	4.39221470570211e-15 	-0.00207470094831176
1.41538409228413 	0.0779115622121461 	0.0406279270840837 	0.103307785555154 	0.778482019091668 	0.128257181841931 	1.05281443728478e-17 	0.776880120228133 	0.159921156609937 	0.00240063713177668 	-0.00170026076384 	-0.0287557051250653 	3.66982354586984e-16 	0.00367031895780021 	6.62268541918257e-16 	-0.00197005819396021 	0 	0 	0 	0 	0 	0 	-0.00172885478578386 	-0.0288006294845804 	3.68309309529721e-16 	0.00369890907177004 	6.62846287931252e-16 	-0.00197005428598618
1.4556834390145 	0.0752679901803117 	0.0399250344804416 	0.100139201879386 	0.792341196784868 	0.122257814997923 	-1.4208476766356e-16 	0.786599280233634 	0.152397304918424 	0.00305791515626578 	-0.00230106233156481 	-0.0277462452162755 	-9.54099306144753e-15 	0.00417276740225283 	-4.2032984180901e-15 	-0.00187170507068802 	0 	0 	0 	0 	0 	0 	-0.00232867022837188 	-0.0277875039561213 	-9.5548808364458e-15 	0.00420037189853494 	-4.20559900957542e-15 	-0.00187170167016306
1.49735601361691 	0.072478570261833 	0.0391602241582251 	0.0972230743543306 	0.805469189850791 	0.116281850208837 	-1.47631277904819e-20 	0.796554974039873 	0.144942096800758 	0.00327083504970158 	-0.00267977083752157 	-0.0265961243162463 	8.80274176038965e-17 	0.00445521954308695 	-1.30414132434551e-16 	-0.00177544870556538 	0 	0 	0 	0 	0 	0 	-0.00270628717577324 	-0.0266340119328106 	8.80694902055959e-17 	0.00448174275785545 	-1.30584801930616e-16 	-0.0017754555820822
1.54044597728127 	0.0695375440749929 	0.0383496485938449 	0.0945639966650129 	0.818038440093843 	0.110358200712546 	2.16669424067219e-21 	0.806587645805103 	0.137557508799341 	0.00309930213482374 	-0.00284460825159805 	-0.025087192071584 	2.71081860850277e-19 	0.00449955348805321 	5.05229440888765e-19 	-0.00165494523645517 	0 	0 	0 	0 	0 	0 	-0.00286998690962242 	-0.0251224056733723 	2.71426418871347e-19 	0.00452493431200449 	5.05297161078178e-19 	-0.00165494740238207
1.58499879415969 	0.0664328323828073 	0.0374441044748555 	0.0921552093204051 	0.830334610174286 	0.104513713042642 	-3.77613375873007e-21 	0.816538838172715 	0.130290564150457 	0.00295987997807248 	-0.00284856413403233 	-0.0234633944592738 	-4.16195575971265e-19 	0.00440066251894697 	-2.28680450971074e-19 	-0.00155209838491465 	0 	0 	0 	0 	0 	0 	-0.00287274593909196 	-0.0234964271563567 	-4.16781612250189e-19 	0.00442484340105224 	-2.28738426836191e-19 	-0.00155209746196029
1.63106126785467 	0.0631816324294439 	0.0364354877457823 	0.0899090529422109 	0.842410102163206 	0.0987718902302623 	7.41739096045049e-21 	0.826796627271202 	0.123285568811405 	0.0029094639086746 	-0.00290705704058625 	-0.0219122086436643 	3.3694174557784e-19 	0.0043889326339024 	5.42192641748429e-20 	-0.00148187559331616 	0 	0 	0 	0 	0 	0 	-0.00293018488444655 	-0.0219431959807001 	3.3744210859087e-19 	0.0044121285368544 	5.42662001795267e-20 	-0.00148194365240785
1.67868157930711 	0.059814082654638 	0.0353555599546714 	0.0876043205095889 	0.854238038964893 	0.0929917667571637 	1.78192969848124e-20 	0.837548791896804 	0.116588149619147 	0.00265641074082845 	-0.00279024324727999 	-0.020581667845455 	1.04812379500019e-18 	0.00410446182415406 	3.13606815836986e-19 	-0.00131421857687407 	0 	0 	0 	0 	0 	0 	-0.0028122681911597 	-0.0206114005190302 	1.04968350899738e-18 	0.00412646897387272 	3.1380098158231e-19 	-0.00131420078271302
1.72790932618902 	0.0563500628879787 	0.0342073416074768 	0.0858374726204578 	0.86652843046294 	0.0875249233448555 	-5.55802023735489e-21 	0.848271071706362 	0.110067736073124 	0.00216605621236072 	-0.00303543720227272 	-0.0189205843454234 	-3.11824495488804e-19 	0.00397107900523436 	-7.69354580173749e-20 	-0.000935641802961644 	0 	0 	0 	0 	0 	0 	-0.00305490668861242 	-0.0189512486495025 	-3.12410261322293e-19 	0.0039904219016587 	-7.69692383340969e-20 	-0.000935515213046286
1.77879556391414 	0.0528091743124 	0.03295414528883 	0.0849678183382219 	0.881138163548867 	0.0828532488415857 	3.66497528844361e-22 	0.858686404796133 	0.103634053982831 	0.00163906195643079 	-0.00335583020609867 	-0.0169395355095155 	-1.32052595135476e-19 	0.00402214382653644 	-2.55134023902122e-20 	-0.000666313620437766 	0 	0 	0 	0 	0 	0 	-0.00337166451272753 	-0.0169722924231743 	-1.32102653412192e-19 	0.004038045322567 	-2.55358064958571e-20 	-0.000666380809839474
1.83139284838819 	0.0492243396831392 	0.031570149528022 	0.0837779456498979 	0.897982622228707 	0.0788440993916902 	1.47386670382647e-20 	0.868979890170671 	0.0973332900091912 	0.00126761233706563 	-0.0034924605221708 	-0.0152660663186137 	5.6058057392094e-19 	0.00402267422576221 	8.09413573207127e-20 	-0.000530213703591417 	0 	0 	0 	0 	0 	0 	-0.00350597219379641 	-0.0152991735030268 	5.61796354588797e-19 	0.00403625900974754 	8.10526884703219e-20 	-0.000530286815951123
1.88575528062967 	0.0456996180869653 	0.0300858813589255 	0.0820687051120284 	0.914922761208755 	0.0751658050976422 	4.86349500354516e-21 	0.879245227463895 	0.0912117254754115 	0.00109165062616409 	-0.00409575492974277 	-0.0137341635396488 	1.65013906245709e-19 	0.00436503209868725 	-2.50821773547561e-21 	-0.000269277168944476 	0 	0 	0 	0 	0 	0 	-0.00410846565318796 	-0.0137651771900219 	1.65396350918829e-19 	0.00437771010026528 	-2.46574021196753e-21 	-0.00026924444707732
1.94193855340107 	0.0423577642587759 	0.0285044806087951 	0.0804702531704004 	0.930849938171255 	0.0714552203761815 	3.35183361142179e-21 	0.889548381265431 	0.0852970108365009 	0.00113591626873364 	-0.00463808475310595 	-0.0122486533790464 	9.97562259335496e-20 	0.0047523421719695 	1.66241120324477e-20 	-0.00011425741886355 	0 	0 	0 	0 	0 	0 	-0.00465060495086624 	-0.0122766266418868 	9.9995557316476e-20 	0.0047648815575437 	1.66457424383055e-20 	-0.00011427660667746
2 	0.0394640552195154 	0.0270077304777097 	0.0789819542880137 	0.944533275186267 	0.067899041334739 	3.00114160976728e-22 	0.899129228670922 	0.0800108435308908 	0.00105994103958949 	-0.00499289884444084 	-0.0107804194377906 	-3.03744234091939e-21 	0.00505258720731809 	4.75255211748419e-22 	-5.96883628772467e-05 	0 	0 	0 	0 	0 	0 	-0.00500558082893265 	-0.0108055868822247 	-3.04092142966903e-21 	0.00506528459483167 	4.76914244843786e-22 	-5.97037658990208e-05
2.04048019216691 	0.0372305507619301 	0.0257943133547377 	0.0780082367933552 	0.954756696913123 	0.0648979703591093 	0 	0.906574445427806 	0.0757719782684038 	0.00074607436451626 	-0.00523851462365243 	-0.00952419656691421 	1.93608201471632e-24 	0.00524032637718109 	8.68209084792915e-23 	-1.811753528658e-06 	0 	0 	0 	0 	0 	0 	-0.00525130525462653 	-0.00954723839974163 	1.93608115955948e-24 	0.00525310716460767 	8.7050106316829e-23 	-1.80190998114209e-06
2.07952987991697 	0.0353797005263145 	0.0247387837586691 	0.0772875185954374 	0.963086345000136 	0.0622602780638039 	0 	0.912937918463812 	0.0721858102848473 	0.000533816836675803 	-0.00517398178038676 	-0.00862735436501985 	0 	0.00517444859342012 	0 	-4.66813033363368e-07 	0 	0 	0 	0 	0 	0 	-0.00518682339591369 	-0.00864865780150672 	0 	0.00518728282839232 	0 	-4.59432478627074e-07
2.11719961495896 	0.0336877400540403 	0.0237493631568447 	0.0767343911417477 	0.97048614651732 	0.0596860542688801 	0 	0.918937608981333 	0.0688706102699606 	0.00041593815894923 	-0.00507868072381531 	-0.00780056796248882 	0 	0.00508447948639808 	0 	-5.79876258276844e-06 	0 	0 	0 	0 	0 	0 	-0.00509154354248395 	-0.00782024371014744 	0 	0.00509735013204 	0 	-5.80658955604642e-06
2.15353816258619 	0.0321361736927292 	0.022820057274633 	0.0762586603859422 	0.977082259861534 	0.0572108608742108 	0 	0.924565008120568 	0.0657796172143304 	0.000284421702108385 	-0.00495364085115635 	-0.00706167010837902 	0 	0.0049559729150639 	0 	-2.33206390755334e-06 	0 	0 	0 	0 	0 	0 	-0.00496646510446191 	-0.00707989717200738 	0 	0.00496879865265562 	0 	-2.33354819370259e-06
2.1885925648055 	0.0307091434312566 	0.0219504304077153 	0.0758473612035493 	0.982978473736006 	0.0548342525010786 	0 	0.929767073033103 	0.0628731160033875 	0.000151599821587985 	-0.00481361113379335 	-0.00639475609452117 	0 	0.00481454434599546 	0 	-9.33212202110262e-07 	0 	0 	0 	0 	0 	0 	-0.00482637219343275 	-0.00641167682252138 	0 	0.00482730528957328 	0 	-9.33096140528811e-07
2.22240820123539 	0.0293927913872638 	0.0211417826927978 	0.0754976712471824 	0.988258626340748 	0.0525545908996507 	0 	0.934571953416087 	0.0601279517846995 	1.65281050254662e-05 	-0.00465905941763865 	-0.00579044762799985 	0 	0.00466004427622753 	0 	-9.8485858888053e-07 	0 	0 	0 	0 	0 	0 	-0.00467173930900128 	-0.00580617679792836 	0 	0.00467272442132322 	0 	-9.85112321939267e-07
2.25502884785218 	0.0281749534199412 	0.0203899650205954 	0.0752023192536353 	0.992992672243175 	0.050370685901436 	0 	0.939040730829134 	0.0575324932367444 	-0.000196292394988027 	-0.00449683414499531 	-0.0052370266693864 	0 	0.00449757570333641 	0 	-7.41558341106958e-07 	0 	0 	0 	0 	0 	0 	-0.00450941927982999 	-0.00525166060910851 	0 	0.00451016118612202 	0 	-7.41906292031003e-07
2.28649673366009 	0.027044967350273 	0.0196860575518212 	0.0749543125774732 	0.997240089055281 	0.048280747676936 	0 	0.943189416050348 	0.0550826646708632 	-0.000575155827263578 	-0.00432947996588402 	-0.00472806558833808 	0 	0.00432980690715758 	0 	-3.26941273560266e-07 	0 	0 	0 	0 	0 	0 	-0.00434196262414028 	-0.00474168353861762 	0 	0.0043422897541766 	0 	-3.27130036321957e-07
2.31685259535872 	0.0259934680936309 	0.0190180323541385 	0.074748294246446 	1.00104997863996 	0.046281482590597 	0 	0.946984874992594 	0.0527603814310297 	-0.00103450083381652 	-0.00415850347748382 	-0.00425868573606946 	0 	0.00415872787000886 	0 	-2.243925250479e-07 	0 	0 	0 	0 	0 	0 	-0.00417088123625758 	-0.00427135085200684 	0 	0.0041711057747018 	0 	-2.24538444217443e-07
2.34613573007873 	0.0250122118414421 	0.0183784857066687 	0.0745793897825233 	1.00446363975201 	0.0443691873070145 	0 	0.95043063556573 	0.0505521955408537 	-0.00144976382697823 	-0.00398637803938654 	-0.00382361895743373 	0 	0.00398654380955926 	0 	-1.65770172712672e-07 	0 	0 	0 	0 	0 	0 	-0.0039986512472247 	-0.00383538226882942 	0 	0.00399881716771283 	0 	-1.65920488135392e-07
2.3743840462538 	0.0240939470165096 	0.0177691042597447 	0.0744430539064049 	1.0075164168625 	0.0425399975842226 	0 	0.953615548646911 	0.0484484230890821 	-0.00181602652345334 	-0.00381431939590701 	-0.00341937319123312 	0 	0.00381447024417361 	0 	-1.50848266610095e-07 	0 	0 	0 	0 	0 	0 	-0.00382649035103965 	-0.00343027551769864 	0 	0.00382664137038413 	0 	-1.51019344484565e-07
2.40163411269502 	0.0232322925133768 	0.0172015055635185 	0.0743351961772427 	1.01023845623669 	0.0407899680815281 	0 	0.956548831933705 	0.0464366808183786 	-0.00219546188222506 	-0.00364379106517978 	-0.00304236112347349 	0 	0.00364388924089435 	0 	-9.81757145688055e-08 	0 	0 	0 	0 	0 	0 	-0.00365586359615066 	-0.003052433880364 	0 	0.00365596191217195 	0 	-9.83160212925918e-08
2.42792120593089 	0.0224216381628941 	0.0166744024565405 	0.0742523575495631 	1.01265552271051 	0.0391151963201806 	0 	0.959165430336943 	0.0445131013757406 	-0.00260283199566734 	-0.00347542614516411 	-0.00269001549860704 	0 	0.00347548365110757 	0 	-5.75059434570422e-08 	0 	0 	0 	0 	0 	0 	-0.00348740509752951 	-0.0026992810259165 	0 	0.00348746270972577 	0 	-5.76121962609341e-08
2.45327935587456 	0.021657052571068 	0.0161872397554735 	0.0741915159502043 	1.0147893896722 	0.0375118207539486 	0 	0.9614639066344 	0.0426768457241422 	-0.00297426328160476 	-0.00330977344928204 	-0.00235997653259891 	0 	0.00330982693758765 	0 	-5.3488305606865e-08 	0 	0 	0 	0 	0 	0 	-0.00332166429643226 	-0.00236844856621501 	0 	0.00332171789435395 	0 	-5.35979216939458e-08
2.47774138987717 	0.0209342031228934 	0.01574402838885 	0.0741498990345099 	1.01665855179621 	0.0359761505807588 	0 	0.963500733898963 	0.040925268919445 	-0.00324875705244889 	-0.00314743031281087 	-0.00205000283854411 	9.62044011746692e-21 	0.00314747503272643 	-1.59205203337381e-16 	-4.47199155602715e-08 	0 	0 	0 	0 	0 	0 	-0.0031592388425038 	-0.00205768729985443 	9.62044229903434e-21 	0.00315928366516897 	-1.59816780295456e-16 	-4.48226651716349e-08
2.50133897522445 	0.0202492876777993 	0.0153371991967131 	0.0741250525412072 	1.0182786892704 	0.0345046719231412 	3.00398483957531e-16 	0.965307334639925 	0.0392566630773878 	-0.00341748024563955 	-0.00298876103135811 	-0.00175828373907199 	1.56760163369708e-14 	0.00298879305004651 	5.13739527391555e-16 	-3.20186883996958e-08 	0 	0 	0 	0 	0 	0 	-0.00300049327264901 	-0.0017651788181286 	1.5739077319334e-14 	0.00300052537576878 	5.15834637555293e-16 	-3.21031197698781e-08
2.52410266013155 	0.0195989729853734 	0.0149664651947908 	0.0741148316001762 	1.01966289852606 	0.0330940244364456 	-6.23147374466146e-18 	0.966889194720824 	0.0376643663391166 	-0.00348773426035277 	-0.00283405768851318 	-0.00148321038928456 	1.84000980703304e-16 	0.00283408325779064 	3.16740690344963e-16 	-2.55692774626129e-08 	0 	0 	0 	0 	0 	0 	-0.00284571985935051 	-0.00148930637260391 	1.81668337590554e-16 	0.00284574550506852 	3.17944558056791e-16 	-2.56457180148552e-08
2.54606191328919 	0.0189803403582519 	0.0146366838927375 	0.0741173157832869 	1.02082196592671 	0.0317410121396293 	-3.06393107430791e-16 	0.968177463961316 	0.0361360590570683 	-0.00344028876767075 	-0.00268357220631052 	-0.00122333387950891 	-1.54798346373245e-14 	0.00268359400067196 	-5.06797243681381e-16 	-2.17943614401951e-08 	0 	0 	0 	0 	0 	0 	-0.00269517070612199 	-0.00122861308542043 	-1.55451781563965e-14 	0.00269519257604206 	-5.08968695221545e-16 	-2.1869920075574e-08
2.56724516201227 	0.0183908382357057 	0.0143435454036966 	0.0741307755711633 	1.02176461429695 	0.0304425937555447 	0 	0.969130927444064 	0.0346663523843646 	-0.00330833966276855 	-0.0025375336384094 	-0.00097737865637767 	3.01215013039432e-21 	0.0025375506837405 	-1.51015359244051e-16 	-1.70453311005159e-08 	0 	0 	0 	0 	0 	0 	-0.00254907511843509 	-0.000981815244786611 	3.01215264225565e-21 	0.00254909223664389 	-1.5168568120174e-16 	-1.7118208799898e-08
2.58767982904046 	0.0178282405583769 	0.0140821173102469 	0.0741536679982005 	1.02249768315603 	0.0291958658734633 	0 	0.969782900287285 	0.0332567537895184 	-0.00314367649123024 	-0.00239613709746065 	-0.000744278888377506 	0 	0.00239615083535262 	0 	-1.37378919677263e-08 	0 	0 	0 	0 	0 	0 	-0.00240762854681671 	-0.000747838538163969 	0 	0.0024076423517299 	0 	-1.38049131882937e-08
2.60739236803822 	0.0172906097235516 	0.0138479770731544 	0.0741846208914075 	1.02302629049845 	0.0279980472430384 	0 	0.970126783491323 	0.0319025305419439 	-0.00292718318115862 	-0.00225955300632624 	-0.000523113237702894 	0 	0.00225956392546748 	0 	-1.09191412473478e-08 	0 	0 	0 	0 	0 	0 	-0.00227100184695237 	-0.000525752831245035 	0 	0.00227101282616443 	0 	-1.09792120662028e-08
2.62640829784037 	0.0167762640342527 	0.0136339924307699 	0.0742224079203713 	1.02335399404179 	0.0268464660838741 	0 	0.970177321809572 	0.0305968144696676 	-0.00263142484328971 	-0.00212792048777691 	-0.000313127740945216 	0 	0.00212792928664229 	0 	-8.79886538757342e-09 	0 	0 	0 	0 	0 	0 	-0.00213933466546868 	-0.000314795025113816 	0 	0.00213934351639562 	0 	-8.85092693835285e-09
2.64475223548742 	0.0162837488930914 	0.0134330563916156 	0.0742659289492752 	1.02348292668538 	0.0257385510714487 	0 	0.969920652206318 	0.0293375803188855 	-0.00228305457207219 	-0.00200134907740798 	-0.000113718272934715 	0 	0.00200135596853816 	0 	-6.89113018077353e-09 	0 	0 	0 	0 	0 	0 	-0.00201273710706094 	-0.000114351439526253 	0 	0.00201274404096804 	0 	-6.93390709981544e-09
2.66244792809357 	0.0158118112862286 	0.0132432189656296 	0.0743141960379139 	1.02341390925513 	0.0246718292819955 	0 	0.969341400116361 	0.0281245089660068 	-0.00193605635872253 	-0.00187989700987284 	7.55888025845928e-05 	0 	0.00187990181957624 	0 	-4.80970339674444e-09 	0 	0 	0 	0 	0 	0 	-0.00189126791814737 	7.60616786854288e-05 	0 	0.00189127275792689 	0 	-4.83977952188803e-09
2.67951828358848 	0.0153593777681724 	0.0130685270609515 	0.0743663228666346 	1.02314652167552 	0.0236439373660438 	0 	0.968450198468325 	0.0269558541442047 	-0.0015953627676269 	-0.00176355262605396 	0.000255163723860418 	0 	0.0017635552838567 	0 	-2.65780274437517e-09 	0 	0 	0 	0 	0 	0 	-0.00177491570668629 	0.000256825497431565 	0 	0.00177491837880485 	0 	-2.67211856510849e-09
2.69598540037265 	0.0149255362022027 	0.0129105497147421 	0.074421509624488 	1.02267912505272 	0.0226526484735009 	0 	0.967268951837672 	0.0258292767286654 	-0.00125349159068971 	-0.001652213856772 	0.000425352906984569 	0 	0.00165221479250924 	0 	-9.35737236478178e-10 	0 	0 	0 	0 	0 	0 	-0.00166357817089494 	0.000428298606679506 	0 	0.00166357910599926 	0 	-9.35104325517107e-10
2.71187059592494 	0.01450952119356 	0.0127645725229826 	0.0744790252779584 	1.02200880204423 	0.021695918739442 	0 	0.965808819664277 	0.024742362532958 	-0.000922526813347404 	-0.00154567944665952 	0.000586554386136752 	0 	0.00154567887974657 	0 	5.66912944895756e-10 	0 	0 	0 	0 	0 	0 	-0.00155705304545776 	0.000590893231836121 	0 	0.0015570524662027 	0 	5.79255062979163e-10
2.72719443439902 	0.0141107040831166 	0.012628760292007 	0.0745381994600165 	1.02113117135837 	0.0207719473638941 	0 	0.96406296125482 	0.0236914172675099 	-0.000618349664416723 	-0.00144363936504943 	0.000739344896758471 	0 	0.00144363523547338 	0 	4.12957605253067e-09 	0 	0 	0 	0 	0 	0 	-0.00145502824529929 	0.000745203579189259 	0 	0.00145502407305861 	0 	4.17224067839209e-09
2.74197675324468 	0.013728587143589 	0.0125032485646665 	0.0745984291927715 	1.02004002240054 	0.0198792516144664 	0 	0.962063301504102 	0.0226744471491585 	-0.000327767814563896 	-0.00134571769586858 	0.000884567731988927 	0 	0.00134570209115337 	0 	1.56047152114129e-08 	0 	0 	0 	0 	0 	0 	-0.00135712465269955 	0.000892095435484612 	0 	0.00135710889862907 	0 	1.57540704861234e-08
2.75623668888838 	0.0133628002727653 	0.0123892211373616 	0.0746591549524632 	1.01872674778817 	0.0190167198878446 	0 	0.959815733619874 	0.0216895571280423 	-3.21999163622761e-05 	-0.00125156744334629 	0.00102339870816323 	0 	0.00125156124543894 	0 	6.19790734975765e-09 	0 	0 	0 	0 	0 	0 	-0.00126299151172364 	0.00103277408170265 	0 	0.00126298522704425 	0 	6.28467938873748e-09
2.76999270150626 	0.0130130955870266 	0.0122899781797772 	0.074719711621336 	1.0171796269143 	0.0181834764016073 	0 	0.957298459086492 	0.0207343922761676 	0.000256797058708277 	-0.00116095323426406 	0.00115734972601209 	0 	0.0011609559559 	0 	-2.72163593900017e-09 	0 	0 	0 	0 	0 	0 	-0.00117238953903502 	0.00116879001753743 	0 	0.00117239221562077 	0 	-2.67658575090437e-09
2.78326259892174 	0.0126793337521088 	0.0122039122137828 	0.0747795512075129 	1.01538306934965 	0.0173790764731714 	0 	0.954501634112125 	0.0198070849755317 	0.000546000093183217 	-0.00107420815459492 	0.0012877816521614 	0 	0.00107425229832877 	0 	-4.41437338560462e-08 	0 	0 	0 	0 	0 	0 	-0.00108565364682721 	0.00130154848242014 	0 	0.00108569810004424 	0 	-4.44532170314905e-08
2.79606355965862 	0.0123614566394238 	0.012127456900444 	0.0748381160071014 	1.01331848410127 	0.0166023356763511 	0 	0.951436829239942 	0.018906962108482 	0.000838536682757512 	-0.000993079194908898 	0.00141446814390855 	0 	0.000993147148261964 	0 	-6.79533530658453e-08 	0 	0 	0 	0 	0 	0 	-0.0010045496048103 	0.001430857855204 	0 	0.00100461806594711 	0 	-6.84611368100278e-08
2.80841215517947 	0.0120594374966959 	0.0120599709083726 	0.074894985077287 	1.01096678767647 	0.0158504944815287 	0 	0.948087728832539 	0.0180331118985634 	0.00112216158565385 	-0.000918486314910108 	0.00153613004965422 	0 	0.000918512127450549 	0 	-2.58125404411108e-08 	0 	0 	0 	0 	0 	0 	-0.000930011476862846 	0.00155546560539087 	0 	0.000930037378689326 	0 	-2.59018264802115e-08
2.82032437133825 	0.0117732576314852 	0.0120007654040741 	0.0749501821821479 	1.00830845648349 	0.0151208987180079 	0 	0.944435339279189 	0.0171837072436519 	0.00137812521162805 	-0.000849564797131347 	0.00165184947286017 	0 	0.000849572038778027 	0 	-7.24164667975437e-09 	0 	0 	0 	0 	0 	0 	-0.000861171081835885 	0.00167448481899535 	0 	0.000861178182025273 	0 	-7.1001893874702e-09
2.8318156290747 	0.0115029099892685 	0.0119475917684759 	0.0750037982214916 	1.00532265766803 	0.0144114499927653 	0 	0.940496176139802 	0.0163565948597959 	0.00162210749391201 	-0.000785596479016602 	0.00176096046442818 	7.80635829634902e-21 	0.000785613683386776 	9.90868892338456e-17 	-1.7204370174013e-08 	0 	0 	0 	0 	0 	0 	-0.000797306304510355 	0.00178728609306098 	7.80634971395065e-21 	0.00079732341667463 	1.00637189839639e-16 	-1.7112164275017e-08
2.84290080437757 	0.0112483881508415 	0.0118990512322495 	0.0750558182386951 	1.00198743559363 	0.0137203467934298 	-3.57717287518346e-16 	0.936304829171994 	0.0155497567545032 	0.00186184596616707 	-0.0007260608116308 	0.00186304619451551 	-4.19501357915611e-15 	0.00072608878438721 	-5.76807213823714e-17 	-2.79727564097838e-08 	0 	0 	0 	0 	0 	0 	-0.00073789351581848 	0.00189349555043375 	-4.26684532716025e-15 	0.000737921442829508 	-5.88179187927489e-17 	-2.7927011027325e-08
2.85359424754224 	0.0110096729450688 	0.0118562963345594 	0.0751061678185501 	0.998279351725318 	0.0130462255203348 	1.99170683415206e-17 	0.931855439377698 	0.0147624799689263 	0.00207328626555032 	-0.000670461694724348 	0.00195792649456338 	-2.29230621040673e-16 	0.00067051001874249 	-1.87806347522525e-16 	-4.83240181420307e-08 	0 	0 	0 	0 	0 	0 	-0.000682433946853755 	0.00199298285395586 	-2.26588987198818e-16 	0.000682482165100281 	-1.91070046563943e-16 	-4.82182465261319e-08
2.86390980174789 	0.0107867138964712 	0.0118183753907334 	0.0751547601918448 	0.99417306827857 	0.0123878686402085 	3.77570517729107e-16 	0.927124099398018 	0.0139940310989884 	0.00225978415435966 	-0.000618342929720723 	0.00204567582021111 	3.96512742631577e-15 	0.00061848817836088 	5.41531715347568e-17 	-1.45248640156683e-07 	0 	0 	0 	0 	0 	0 	-0.000630469713744634 	0.00208588162749826 	4.03958810280231e-15 	0.000630615043202851 	5.53351835780495e-17 	-1.45329458217442e-07
2.87386082097819 	0.0105794040733529 	0.0117813309981984 	0.0752014169496127 	0.989640690948066 	0.0117442197519839 	0 	0.922149808200784 	0.0132421245254346 	0.00244442243093248 	-0.000569761638655487 	0.00212638137488666 	4.65260929714908e-20 	0.000569947178489014 	8.52063555044345e-17 	-1.85539833526415e-07 	0 	0 	0 	0 	0 	0 	-0.000582056247567147 	0.00217234953777108 	4.65260523816577e-20 	0.00058224195849362 	8.69647749831415e-17 	-1.85710926472625e-07
2.88346018730867 	0.0103875565312969 	0.0117428470353609 	0.0752460505949626 	0.984651214494 	0.0111144821099981 	0 	0.91693763181361 	0.0125051004082717 	0.00262173480448367 	-0.000524677413685691 	0.0022002298353729 	0 	0.000524785119036265 	0 	-1.07705350574108e-07 	0 	0 	0 	0 	0 	0 	-0.000537152560042056 	0.00225265408096236 	0 	0.000537260378744076 	0 	-1.07818702019215e-07
2.89272032758316 	0.0102108781152825 	0.0117034980517544 	0.0752887204402329 	0.979170347482746 	0.010497818717725 	0 	0.911460229121747 	0.0117833501902434 	0.00276578318907262 	-0.000482586686539661 	0.00226753550662548 	0 	0.000482686817969231 	0 	-1.00131429570244e-07 	0 	0 	0 	0 	0 	0 	-0.000495256280624177 	0.00232720162657884 	0 	0.000495357332262414 	0 	-1.01051638237075e-07
2.90165322950094 	0.0100489360954637 	0.0116638421627527 	0.075329533998332 	0.973160025630781 	0.00989324958518875 	0 	0.905727532985013 	0.011077198470729 	0.00288618907537955 	-0.000443246567153951 	0.00232846622074615 	0 	0.000443346905976493 	0 	-1.00338822542058e-07 	0 	0 	0 	0 	0 	0 	-0.000456123751113132 	0.00239626824450522 	0 	0.000456225092378584 	0 	-1.01341265452449e-07
2.91027045713545 	0.00990112794951479 	0.0116231858274698 	0.0753691713065318 	0.966577563789578 	0.00930042490973664 	0 	0.899739964608767 	0.0103874862544237 	0.00297488211058629 	-0.000406258213962382 	0.00238310660283669 	0 	0.000405961270361533 	0 	2.96943600849365e-07 	0 	0 	0 	0 	0 	0 	-0.000419346043273442 	0.00246006665940296 	0 	0.000419037691098259 	0 	3.08352175182481e-07
2.91858316590451 	0.00976665487318757 	0.011579378401825 	0.075408807753165 	0.95937485782975 	0.00872141417906364 	0 	0.893464489726658 	0.00971408818332193 	0.00302835706051981 	-0.000371555720742615 	0.00243145292385785 	0 	0.000370657576651522 	0 	8.98144091092631e-07 	0 	0 	0 	0 	0 	0 	-0.00038486265398413 	0.00251874451035773 	0 	0.000383930834089014 	0 	9.31819895115947e-07
2.92660211701152 	0.00964449229187625 	0.0115306412617529 	0.0754429838860219 	0.951497394132251 	0.00815492775491778 	0 	0.886908978442276 	0.00905705651238338 	0.00308141713615971 	-0.000343111334472608 	0.0024733106485721 	0 	0.000345521102666456 	0 	-2.40976819384772e-06 	0 	0 	0 	0 	0 	0 	-0.00035681806496564 	0.0025722889488816 	0 	0.000359330655978847 	0 	-2.51259101320658e-06
2.93433769137639 	0.00953332914141528 	0.0114759930796781 	0.0754496908240425 	0.942882753185091 	0.00756166854104593 	0 	0.880044392221648 	0.00841218890798865 	0.00310447909886014 	-0.000327957601930761 	0.0025083160697761 	0 	0.000344722181036311 	0 	-1.67645791055499e-05 	0 	0 	0 	0 	0 	0 	-0.000342625659302765 	0.00262055964900073 	0 	0.000360165903011398 	0 	-1.75402437086334e-05
2.94179990307415 	0.00943147958027758 	0.011414222140376 	0.0754567349281572 	0.933458314050641 	0.00685368760937049 	0 	0.872821611341794 	0.00777721649285585 	0.00308474235989107 	-0.000265678901923839 	0.00253605519608864 	0 	0.000247875829670693 	0 	1.78030722531453e-05 	0 	0 	0 	0 	0 	0 	-0.000278855398227438 	0.00266342838091385 	0 	0.000260022692347162 	0 	1.8832705880276e-05
2.94899841229864 	0.00933778988919555 	0.0113452749607511 	0.0758069370991091 	0.923137385306366 	0.00667912633258851 	0 	0.86520393887594 	0.00715531402938487 	0.00303274870527067 	-0.000214189427234455 	0.00249511357144925 	0 	0.000171592489131945 	0 	4.25969381025102e-05 	0 	0 	0 	0 	0 	0 	-0.000226380516152803 	0.00263619070924266 	0 	0.000181437006512865 	0 	4.49435096399384e-05
2.95594253786807 	0.00925821323941228 	0.0112712712257745 	0.0764241612715379 	0.912346148007661 	0.00629995738985119 	0 	0.857106785392537 	0.00654909640129379 	0.00294592451810143 	0.000997292903331519 	0.00263528856859407 	0 	-0.000703931262077396 	0 	-0.000293361641254123 	0 	0 	0 	0 	0 	0 	0.000979654805595472 	0.00278880408212002 	0 	-0.000683521534199161 	0 	-0.000296133271396311
2.96264126928875 	0.00915205413925009 	0.0111952736309341 	0.0764199727494698 	0.900980234135918 	0.00503588632893177 	0 	0.848420120043011 	0.005958279598847 	0.00285927031987376 	0.00102094752284608 	0.0026494553203163 	0 	-0.000726811727524542 	0 	-0.000294135795321538 	0 	0 	0 	0 	0 	0 	0.0010031379120003 	0.0028263512266849 	0 	-0.000706373559093751 	0 	-0.000296764352906553
2.96910327839238 	0.00901545145673147 	0.0111172971933988 	0.0758716903977158 	0.887758837180441 	0.00466002132593514 	0 	0.839003352929703 	0.00538175653438496 	0.00274998395646497 	-0.000149849289881278 	0.00252025768509271 	0 	0.000117042703559573 	0 	3.28065863217052e-05 	0 	0 	0 	0 	0 	0 	-0.000162454378174066 	0.00273364105826552 	0 	0.000126776430800748 	0 	3.56779473733182e-05
2.97533693056216 	0.00888288075812919 	0.0110339853938371 	0.0756256385739365 	0.872369555906416 	0.00456493632716927 	0 	0.828643052192028 	0.00481740957530506 	0.00261861142284209 	-0.000144589739320679 	0.00256620490134995 	0 	0.000130560251720466 	0 	1.40294876002137e-05 	0 	0 	0 	0 	0 	0 	-0.000159151411266672 	0.00281944249197856 	0 	0.000143948648314874 	0 	1.5202762951798e-05
2.98135029556222 	0.00874310643992116 	0.0109431053607925 	0.0756741572959352 	0.854987551938179 	0.00388845160931576 	0 	0.817030426058731 	0.00426345054726569 	0.00248718733945605 	-0.000144676742140972 	0.00255517525989465 	0 	0.000155177220493133 	0 	-1.05004783521604e-05 	0 	0 	0 	0 	0 	0 	-0.000161702258324398 	0.00285389066448262 	0 	0.000173286088461214 	0 	-1.15838301368154e-05
2.9871511579843 	0.00859034538459883 	0.0108452524175406 	0.075723389907294 	0.835087279474925 	0.00335889140641645 	0 	0.803757142051533 	0.00372138501834018 	0.00233116039955853 	-0.000110786823000766 	0.00253661909805566 	0 	0.000112647573843723 	0 	-1.86075084295677e-06 	0 	0 	0 	0 	0 	0 	-0.000126932078187346 	0.00289451504979846 	0 	0.000128849100459152 	0 	-1.91702227180559e-06
2.99274702732527 	0.00841654888792303 	0.0107439252251366 	0.0757523033366168 	0.811910115390822 	0.00290452795324875 	0 	0.788199147362725 	0.00319194158156984 	0.00218531581040818 	-8.73640869716599e-05 	0.00250749019779671 	0 	8.89071598455088e-05 	0 	-1.54307287384891e-06 	0 	0 	0 	0 	0 	0 	-0.000103553306359414 	0.00294463882728506 	0 	0.000105121500519722 	0 	-1.56819416030751e-06
2.99814514770853 	0.00820929339617484 	0.0106377496202052 	0.0757584853710879 	0.784348337350772 	0.00241470119051497 	0 	0.769241892704847 	0.00267643975751925 	0.00201953361206872 	-7.58738773531665e-05 	0.00246097675526506 	0 	8.85215902654014e-05 	0 	-1.26477129122349e-05 	0 	0 	0 	0 	0 	0 	-9.46168682885525e-05 	0.00300738501630421 	0 	0.000109854939015387 	0 	-1.52380707268347e-05
3.00335250726193 	0.00795065833139494 	0.0105277027576099 	0.0757409566745893 	0.750755500709279 	0.00157358733550535 	0 	0.745429870741717 	0.00217876878577194 	0.00182375600328255 	-4.32074174313501e-05 	0.00238362686910758 	0 	4.80363116931539e-05 	0 	-4.82889426180375e-06 	0 	0 	0 	0 	0 	0 	-5.88020613767495e-05 	0.00308487976819445 	0 	6.31855264276715e-05 	0 	-4.38346505092201e-06
