0 	1e-15 	1e-15 	0.0250545956475718 	0 	0 	0 	0 	0 	0 	2.79507724338638e-18 	2.50447042181006e-17 	5.96836277328449e-34 	-2.40747184942803e-18 	4.13436377219612e-35 	-3.87605393958349e-19 	0 	0 	0 	0 	0 	0 	3.76774558979769e-06 	0.00116817181444671 	2.78388944642107e-20 	-1.18871409922348e-05 	4.49245515236694e-23 	8.11939540243715e-06
0.00782225935592543 	0.00120265460724956 	0.0173769346537636 	0.025037211088558 	-0.073348781695052 	-1.0593694407858e-06 	-2.71785947058354e-22 	-0.0764508910136586 	-0.000835569505700125 	0.0025840440411798 	7.09911630013273e-06 	5.1305783742072e-05 	-3.2313971305404e-21 	-4.81707442940195e-06 	-2.29194850590536e-22 	-2.28204187073078e-06 	0 	0 	0 	0 	0 	0 	-1.79484414613537e-06 	0.000659475210673613 	-3.74006907746428e-22 	4.2777781870814e-06 	-3.77794256799215e-22 	-2.48293404094602e-06
0.0159310709790574 	0.00528640511558451 	0.0342181648505977 	0.0250125038537847 	-0.101874512420408 	-0.000806040966005294 	6.02310579627107e-22 	-0.102187437348378 	-0.00226449900731468 	0.00353214061551766 	-1.70741232590745e-05 	8.92074528529244e-05 	-3.27018631273963e-21 	1.96923914564976e-05 	-2.20474527955208e-22 	-2.61826819742312e-06 	0 	0 	0 	0 	0 	0 	-3.30404520991621e-05 	0.000270021981846098 	-1.44688213834331e-20 	3.65874830401222e-05 	3.45756598507521e-22 	-3.54703094096015e-06
0.0243369321180945 	0.0107707500158385 	0.0434404046490256 	0.0249536943047065 	-0.103997699493531 	-0.00155789353575881 	4.74004766186882e-23 	-0.104503246785286 	-0.00399866444764191 	0.00385831701477843 	-8.35693984766598e-05 	-0.000145606145198573 	-7.77452304730019e-24 	8.5995335724128e-05 	4.30391571643173e-24 	-2.42593724746821e-06 	0 	0 	0 	0 	0 	0 	-0.000101069614539583 	-0.000152748952968084 	-8.34205431185035e-24 	0.000103272341460955 	6.83860858558398e-24 	-2.20272692137235e-06
0.0330507245666953 	0.0152361094426995 	0.048155818063927 	0.0248806708197202 	-0.100345070060848 	-0.00235356477398736 	1.63852310035453e-22 	-0.100322735726844 	-0.00589357441474687 	0.00396022625997373 	-0.000139603773638675 	-0.000609495695882818 	-5.59222538225261e-23 	0.00015630702308404 	1.01337522499815e-23 	-1.67032494453647e-05 	0 	0 	0 	0 	0 	0 	-0.000158101015589789 	-0.000652530429025831 	-5.95472124463072e-23 	0.000174587993438043 	1.06477094603447e-23 	-1.64869778482539e-05
0.0420837287504865 	0.0187783935571195 	0.0512451725865932 	0.0248165658911318 	-0.0958444944698802 	-0.00325956715733575 	-7.66564547221378e-23 	-0.0943163860074304 	-0.00791602536766282 	0.00398206494893497 	-0.0001767266440468 	-0.00109188006657392 	7.03662148837558e-23 	0.000221109646876595 	3.3852571002845e-23 	-4.43830028297956e-05 	0 	0 	0 	0 	0 	0 	-0.000195920302172136 	-0.00113841340822714 	7.23791258690953e-23 	0.000240303890921737 	3.55257422258957e-23 	-4.43835887496011e-05
0.0514476383301199 	0.0217649680053399 	0.0534214763582712 	0.0247588916152096 	-0.0912296767104781 	-0.00422574162121327 	-1.32588737007212e-22 	-0.0875702001970886 	-0.0100473283107295 	0.00389276102684139 	-0.000205969184290765 	-0.00157955816005113 	1.21831452831388e-22 	0.000281871797339771 	3.96235630228031e-24 	-7.59026130490068e-05 	0 	0 	0 	0 	0 	0 	-0.000225464697601536 	-0.00162495703833273 	1.26281326725633e-22 	0.0003013881132779 	4.05326819197685e-24 	-7.59234156763647e-05
0.0611545753392815 	0.0243995807984985 	0.0550803521414506 	0.0247018822274623 	-0.0866191128459174 	-0.00523415280094591 	-5.47643544574906e-23 	-0.0806205003305805 	-0.0122792247090379 	0.003699148885126 	-0.000228797013759135 	-0.00207884585556845 	1.73370566220765e-19 	0.000339620679516643 	-4.65305275675765e-19 	-0.000110823665757509 	0 	0 	0 	0 	0 	0 	-0.000248456677594358 	-0.00212249582821392 	1.73373480159712e-19 	0.000359283572074131 	-4.74656478170899e-19 	-0.000110826894479773
0.0712171058772483 	0.0267955512411594 	0.0564038876995459 	0.0246464115872646 	-0.0820225161742452 	-0.00628616181246895 	2.03028861288223e-18 	-0.073734226015345 	-0.0145977586837126 	0.00339676792237082 	-0.00024540005844927 	-0.00259255895570023 	-5.26327103304968e-18 	0.000395121614942776 	-3.83434293359753e-19 	-0.000149721556493506 	0 	0 	0 	0 	0 	0 	-0.000265178721549871 	-0.00263454195587179 	-5.34666017660637e-18 	0.000414900377116337 	-3.92480684314074e-19 	-0.000149721655566467
0.0816482563763149 	0.0290215600349414 	0.0575072012881415 	0.0245949575798178 	-0.0774249420973619 	-0.00738225014055108 	2.67826303435098e-19 	-0.0670482091449936 	-0.0169573639075365 	0.00299844362038513 	-0.000254112251170021 	-0.00312184603004119 	4.54585498942053e-19 	0.000446187735044639 	1.2744449616909e-18 	-0.000192075483874618 	0 	0 	0 	0 	0 	0 	-0.000273974321194089 	-0.00316238078340056 	4.5217895794285e-19 	0.000466050431277968 	1.29106218989878e-18 	-0.000192076110083879
0.0924615304651366 	0.0311225615046394 	0.0584951376703814 	0.0245497158983989 	-0.0728050845610658 	-0.00852239602758839 	-1.76648878005262e-18 	-0.0604012277747834 	-0.0193298522247573 	0.0026236175906971 	-0.000252929819212271 	-0.00366755302637211 	6.21636057120268e-18 	0.000490532123445131 	5.1241722272149e-19 	-0.00023760230423286 	0 	0 	0 	0 	0 	0 	-0.000272847263714155 	-0.00370687258428032 	6.29754748317905e-18 	0.000510450486932242 	5.21172843292532e-19 	-0.000237603223218088
0.103670926449831 	0.0331298563965172 	0.0594047825997865 	0.0245128068946722 	-0.068140391847499 	-0.00970688600550335 	-3.02458070538517e-24 	-0.0536361537943197 	-0.0217254579404128 	0.0022994250919961 	-0.000239744308552734 	-0.00423036316359971 	3.11659667594205e-19 	0.000526019220133644 	-6.81273690643522e-19 	-0.00028627491158091 	0 	0 	0 	0 	0 	0 	-0.000259696064845299 	-0.0042686844192815 	3.11659201360968e-19 	0.000545971926481274 	-6.88846427543621e-19 	-0.000286275861635975
0.115290955435463 	0.0350663585023903 	0.060238697734355 	0.0244865156720038 	-0.063408327006229 	-0.0109363133852622 	-6.05386771304715e-23 	-0.0467289241490915 	-0.0241605961193146 	0.00190838743584724 	-0.000212227173919383 	-0.00481086550625338 	9.11638380449909e-19 	0.000550403460554961 	-1.82653442823345e-18 	-0.000338176286635578 	0 	0 	0 	0 	0 	0 	-0.000232196976974689 	-0.00484838439314971 	9.11641254071758e-19 	0.000570374207253454 	-1.84184861288419e-18 	-0.000338177230278764
0.12733666011137 	0.0369495565911247 	0.0610065932210741 	0.024473330675106 	-0.0585864449512211 	-0.0122114680061149 	4.01678148392142e-18 	-0.0397470619797662 	-0.026646990619144 	0.00139746073137763 	-0.000167797378314752 	-0.00540960566259712 	-2.97637419475673e-17 	0.000561254308174889 	-1.35014567762587e-17 	-0.000393456929860137 	0 	0 	0 	0 	0 	0 	-0.000187772154069197 	-0.00544649928886429 	-2.99880516368636e-17 	0.000581230034980235 	-1.35576774385613e-17 	-0.000393457880911039
0.139823634224651 	0.0387932838554223 	0.0617302560519315 	0.0244759307041837 	-0.0536521314090009 	-0.013533275301256 	2.97732796318223e-19 	-0.0327350690343036 	-0.0291832278130241 	0.000831542992407264 	-0.00010363548443906 	-0.0060271081609565 	-1.09830983512535e-19 	0.000555964969453509 	4.48388824840014e-18 	-0.000452329485014449 	0 	0 	0 	0 	0 	0 	-0.000123604388780463 	-0.00606353835794028 	-1.20959657867805e-19 	0.000575934844669357 	4.50584485232853e-18 	-0.000452330455888893
0.152768042767026 	0.040608828741061 	0.0624505000304186 	0.0244971771988364 	-0.0485822532210153 	-0.0149027660347969 	-2.61438775567285e-18 	-0.0256692971865766 	-0.0317579377637782 	0.000256062051881033 	-1.66975081209638e-05 	-0.00666388432272337 	2.72286459586888e-17 	0.000531763660369878 	1.20459397638363e-17 	-0.000515066152248913 	0 	0 	0 	0 	0 	0 	-3.66513180716218e-05 	-0.00670000111524479 	2.74157438737667e-17 	0.000551718471563091 	1.20861339971715e-17 	-0.000515067153491469
0.166186642901204 	0.0424056612274877 	0.0632265614572996 	0.024540110847875 	-0.0433527899526413 	-0.0163210570443509 	3.66463259268928e-20 	-0.0185267931018952 	-0.0343963432436872 	-0.000314888084799079 	9.62749407443403e-05 	-0.00732043338706885 	7.75326010735796e-19 	0.000485720652129038 	-7.11557052700234e-19 	-0.000581995592873379 	0 	0 	0 	0 	0 	0 	7.63442512347008e-05 	-0.00735637804199992 	7.74570612978527e-19 	0.000505652385398039 	-7.17972136651807e-19 	-0.00058199663663274
0.18009680565383 	0.0441919234442443 	0.0640927478518412 	0.0246079468824513 	-0.0379384638488318 	-0.0177893364003472 	-1.0236574118582e-18 	-0.0112374481536235 	-0.0371275576969921 	-0.000823694312000188 	0.000238744996871678 	-0.00799723955220212 	4.56996407598604e-18 	0.000414755107395724 	2.69159474873135e-18 	-0.000653500104267402 	0 	0 	0 	0 	0 	0 	0.000218844572079958 	-0.00803314717924907 	4.59633309573028e-18 	0.000434656633173739 	2.70416451139155e-18 	-0.000653501205253697
0.19451653840313 	0.0459747693659845 	0.0650404504572021 	0.0247040677723925 	-0.0323123688421426 	-0.0193088511535349 	-4.76358722333287e-23 	-0.00366372351000323 	-0.0399505507098561 	-0.00121505990420408 	0.000414368949502498 	-0.00869476611624998 	3.81689354610462e-19 	0.00031564576321032 	-6.52722637026285e-19 	-0.000730014712712818 	0 	0 	0 	0 	0 	0 	0.000394505297078639 	-0.00873076787410963 	3.81690747954318e-19 	0.000335510594606618 	-6.55949073288379e-19 	-0.000730015891685257
0.209464508190326 	0.0477606036172059 	0.0660658397824522 	0.0248320137827967 	-0.0264455956080593 	-0.0208808973853601 	9.78250670508197e-24 	0.0042552557253955 	-0.0428501348106044 	-0.00150918190524199 	0.000626987336934362 	-0.0094134486464181 	2.54481260007521e-23 	0.000185039862455551 	-9.83034281331015e-23 	-0.000812027199389913 	0 	0 	0 	0 	0 	0 	0.000607166535212395 	-0.00944967362967847 	2.53321311145055e-23 	0.00020486195251002 	-9.87783283568322e-23 	-0.000812028487722415
0.224960065885025 	0.0495552496862102 	0.0671758023359471 	0.0249954806836478 	-0.0203068415003916 	-0.0225068088300518 	6.29448523845008e-23 	0.0125279336675226 	-0.0457899774365399 	-0.0017186040996967 	0.000880617321971656 	-0.0101536590528084 	-9.44993631302712e-23 	1.9444689700237e-05 	-1.69086317296806e-22 	-0.000900062011671893 	0 	0 	0 	0 	0 	0 	0.000860845269505778 	-0.0101902358835196 	-9.50048458580727e-23 	3.92181083315612e-05 	-1.70316310220598e-22 	-0.00090006337783734
0.241023271235857 	0.0513640665762386 	0.0683661175792258 	0.0251983427344483 	-0.0138620173417885 	-0.0241879088248257 	6.27163608431555e-23 	0.0212048996305044 	-0.0487676621510696 	-0.00181073982105918 	0.00117937872458546 	-0.0109157341919726 	-1.40232010101484e-22 	-0.000184662629603753 	-1.027968792248e-22 	-0.000994716094981706 	0 	0 	0 	0 	0 	0 	0.00115966117162852 	-0.010952792449975 	-1.40752385933107e-22 	-0.000164943600335317 	-1.03746621370354e-22 	-0.000994717571293203
0.257674918838785 	0.0531920271012177 	0.069638548961411 	0.0254444425385618 	-0.00707383000269461 	-0.0259255985314928 	2.4213248574197e-23 	0.0303318409816145 	-0.051777381546022 	-0.00195970902857184 	0.00152757200145072 	-0.0116999941891647 	-9.71715734021926e-23 	-0.000430918916578953 	-1.80991996515129e-22 	-0.00109665308487177 	0 	0 	0 	0 	0 	0 	0.00150791473256154 	-0.0117376658403364 	-9.76077000837288e-23 	-0.000411259895629662 	-1.81766209993325e-22 	-0.00109665483693188
0.274936565056721 	0.0550437384086258 	0.0710180598063822 	0.025737395475012 	9.87427843366082e-05 	-0.0277212573487169 	8.9676013042521e-23 	0.039927815243978 	-0.0547912893032107 	-0.00222067585253572 	0.00192986341744082 	-0.0125066294283122 	-1.60248640936098e-22 	-0.000723372080566278 	-5.3726882872167e-22 	-0.00120649133687454 	0 	0 	0 	0 	0 	0 	0.00191027296964636 	-0.0125450501696312 	-1.60960409825928e-22 	-0.000703779707618757 	-5.39828316713873e-22 	-0.0012064932620276
0.292830555925276 	0.0569234316953049 	0.0724976016639785 	0.0260811031473898 	0.00770099552634367 	-0.0295760607192563 	5.8052974118724e-23 	0.04994902145474 	-0.0578231701044072 	-0.00252345852188453 	0.00239100920983357 	-0.0133356984427676 	-1.27836067697266e-22 	-0.00106615203316193 	-1.68418204819002e-22 	-0.00132485717667163 	0 	0 	0 	0 	0 	0 	0.00237149295714671 	-0.0133750085961528 	-1.28095804011871e-22 	-0.0010466339854805 	-1.69752946573099e-22 	-0.00132485897166621
0.311380056080784 	0.0588349606563671 	0.074048100797998 	0.0264801459913329 	0.0157829146328784 	-0.0314911440970961 	-4.27322837307499e-25 	0.0604707460918069 	-0.0609167190262964 	-0.00300557716050838 	0.0029155154695566 	-0.0141871431400251 	-1.23721967845155e-23 	-0.00146303884531962 	-1.16892395412364e-23 	-0.00145247662423698 	0 	0 	0 	0 	0 	0 	0.00289608121858365 	-0.0142274881883761 	-1.23330875597091e-23 	-0.0014436029655336 	-1.15281437483971e-23 	-0.00145247825305005
0.330609078748043 	0.0607817588401163 	0.0756432310999106 	0.0269392252535527 	0.0243996262415711 	-0.033467659444871 	4.54955531473399e-25 	0.0716634080269103 	-0.0640536468880923 	-0.00350730199464422 	0.00350781551026987 	-0.0150606300495186 	-3.67122576287452e-19 	-0.00191771867857157 	2.27152833980059e-19 	-0.0015900968316983 	0 	0 	0 	0 	0 	0 	0.00348847194888839 	-0.0151021612718646 	-3.68935458560412e-19 	-0.00189837353651532 	2.27244965748334e-19 	-0.00159009841237307
0.350542516826599 	0.0627667209620469 	0.0772435542488634 	0.0274626473007866 	0.0336119997194928 	-0.0355065657831226 	-8.40785935728296e-24 	0.0836822158123452 	-0.0672857054763003 	-0.00395497024622207 	0.00417243512342932 	-0.0159554840731267 	3.14185321195836e-18 	-0.00243398305226478 	-3.82038980711823e-18 	-0.00173845207116454 	0 	0 	0 	0 	0 	0 	0.00415319268369279 	-0.0159983592569943 	3.14182515947815e-18 	-0.00241473907529884 	-3.83276155204079e-18 	-0.00173845360839395
0.371206175115803 	0.0647920350640839 	0.0788546186226149 	0.0280544377758983 	0.0434872636295842 	-0.0376085186001235 	5.44017032090363e-18 	0.0966492651824693 	-0.0707252976169756 	-0.00458585931052947 	0.00491381407487176 	-0.0168707068017457 	5.33428501838089e-17 	-0.00301551709351996 	-2.25077981477982e-17 	-0.0018982969813518 	0 	0 	0 	0 	0 	0 	0.00489468545136739 	-0.0169150907114443 	5.3503026013225e-17 	-0.00299638699954079 	-2.26204436451638e-17 	-0.0018982984518266
0.392626803720378 	0.0668589687790339 	0.080549813878867 	0.02871847338342 	0.0540995563645304 	-0.0397738320256469 	-1.66569003676086e-19 	0.110478077791215 	-0.0743442921215741 	-0.00523815317170272 	0.00573617771880781 	-0.0178048519252371 	-6.75668486718981e-18 	-0.00366580513359259 	7.89923461981536e-18 	-0.00207037258521522 	0 	0 	0 	0 	0 	0 	0.00571717845040602 	-0.0178509163615454 	-6.75442443818841e-18 	-0.00364680443599739 	7.92170136816579e-18 	-0.00207037401440863
0.414832132679714 	0.0689675829506472 	0.082334814592738 	0.0294584019695518 	0.065530453840131 	-0.0420023224269287 	-5.60042599380038e-18 	0.125211401752794 	-0.0780017897083436 	-0.0055303606295818 	0.00664348229024197 	-0.0187558534480211 	-5.24109979528939e-17 	-0.00438812015904395 	2.25260260506817e-17 	-0.00225536213119803 	0 	0 	0 	0 	0 	0 	0.00662463164904221 	-0.0188037769764141 	-5.25636197958437e-17 	-0.0043692680967205 	2.26367022619822e-17 	-0.00225536355232171
0.437850907865752 	0.0711163578893508 	0.0840504651138525 	0.030277538049592 	0.0778694417824249 	-0.0442931187151581 	9.82560569711156e-22 	0.141211154439897 	-0.0816563364416199 	-0.00535229494515641 	0.00763930731180974 	-0.0197208736615535 	3.27507350009646e-18 	-0.00518543373371903 	-3.65760462925e-18 	-0.00245387357809071 	0 	0 	0 	0 	0 	0 	0.00762062937349603 	-0.0197708408962913 	3.27492070937453e-18 	-0.00516675435007104 	-3.66897647118881e-18 	-0.002453875023425
0.444720532035799 	0.0717454721790147 	0.0844937066515522 	0.0305369515488188 	0.0817110006680924 	-0.0449701287979846 	3.89085099903988e-23 	0.146231979389266 	-0.0827122636822604 	-0.00519749202527819 	0.00795240449616768 	-0.0200016304756284 	4.05028230625278e-18 	-0.00543734030387704 	-4.67715322607292e-18 	-0.00251506419229064 	0 	0 	0 	0 	0 	0 	0.00793378509981323 	-0.0200522404793275 	4.04904233464701e-18 	-0.00541871944621135 	-4.69154046711229e-18 	-0.00251506565360188
0.461712928195905 	0.0733002083931857 	0.0855903065929106 	0.0311784939839975 	0.0912156592163347 	-0.0466426893281761 	1.40067702813558e-22 	0.158656718649106 	-0.0853208984228062 	-0.0048140688255823 	0.00872638175466742 	-0.0206954392527678 	6.05861804833519e-18 	-0.00605981600676683 	-7.28782065111831e-18 	-0.00266656574790059 	0 	0 	0 	0 	0 	0 	0.00870790765332033 	-0.020747639325826 	6.05471993818883e-18 	-0.00604134046787583 	-7.30992719113492e-18 	-0.0026665671854445
0.486449084209191 	0.0755135869097583 	0.0869901856585689 	0.0321635382485439 	0.10567402000268 	-0.0490485796580909 	1.17958360594581e-17 	0.177657621051388 	-0.0889326719080269 	-0.00425911215428362 	0.00990721613286629 	-0.0216747329447099 	1.84621858448648e-16 	-0.0070134910002379 	-1.07042065446891e-17 	-0.00289372513262839 	0 	0 	0 	0 	0 	0 	0.00988898430761489 	-0.0217293576420566 	1.85171937649422e-16 	-0.00699525776048334 	-1.09391299170461e-17 	-0.00289372654713155
0.512091398055536 	0.0777474195010666 	0.0883048569160934 	0.0332342332750759 	0.121358192089134 	-0.0515066805087164 	-2.08801221829149e-19 	0.198201821130851 	-0.0925033861436071 	-0.00380588340549169 	0.0111835095882167 	-0.0226523658055467 	-7.59080167179795e-18 	-0.00804808061815106 	1.18219314559798e-17 	-0.00313542897006562 	0 	0 	0 	0 	0 	0 	0.0111655677880304 	-0.0227096063645832 	-7.5721287923261e-18 	-0.00803013741622382 	1.18566318878438e-17 	-0.00313543037180655
0.53867306494999 	0.0799877123572317 	0.0895728781280459 	0.0343910578053467 	0.138390157368608 	-0.0540101000470866 	-1.18152909063085e-17 	0.220210412912884 	-0.0960135654822363 	-0.00322783060883327 	0.0125558128022429 	-0.0236197592513994 	-1.75222955650801e-16 	-0.00916427293048875 	7.93746520760372e-18 	-0.00339153987175416 	0 	0 	0 	0 	0 	0 	0.0125382208026146 	-0.0236798018758742 	-1.75745803213804e-16 	-0.00914667955681659 	8.16085687192061e-18 	-0.00339154124579802
0.566228496145544 	0.0822150338881667 	0.0907459675426561 	0.0356332365099222 	0.156898448694472 	-0.0565491179076986 	8.6454370606433e-22 	0.243954546193098 	-0.0993795456147987 	-0.00261189935165492 	0.0140230522148893 	-0.0245657943056653 	7.07296067486505e-18 	-0.0103615155214769 	-6.73051503638182e-18 	-0.00366153669341234 	0 	0 	0 	0 	0 	0 	0.0140058845622309 	-0.0246288139407628 	7.07300413925558e-18 	-0.0103443466017374 	-6.75094860268487e-18 	-0.00366153796049345
0.594793363480155 	0.0844032243442874 	0.0917648514644103 	0.0369584340458262 	0.177016112851627 	-0.0591104244898309 	8.0832972160094e-22 	0.269563043496919 	-0.102589115807465 	-0.0020628812417882 	0.0155826750736925 	-0.0254764833034215 	1.355645211445e-20 	-0.0116381778397095 	1.86936549784897e-21 	-0.00394449723398304 	0 	0 	0 	0 	0 	0 	0.0155660240453804 	-0.0255426350923819 	1.35990435930863e-20 	-0.0116215257921764 	1.85589606533728e-21 	-0.00394449825320398
0.624404645555666 	0.0865179271541828 	0.0926200155470225 	0.0383621670500903 	0.198877364668173 	-0.0616761598313547 	2.74387905631028e-22 	0.296789367384028 	-0.105594600184243 	-0.001513599279103 	0.0172295775083984 	-0.0263339662484787 	4.71633871407447e-21 	-0.0129906679437192 	2.10513815405299e-21 	-0.00423890956467917 	0 	0 	0 	0 	0 	0 	0.0172135568782728 	-0.0264033746004966 	4.73245591859509e-21 	-0.0129746466780596 	2.10081865458617e-21 	-0.00423891020021327
0.655100675608399 	0.0885150148741111 	0.093269062210224 	0.0398366964777474 	0.222613261832143 	-0.0642227235617218 	3.20397392860167e-22 	0.32544880364833 	-0.108300135782892 	-0.000806300664181449 	0.0189546960782656 	-0.0271154697291095 	5.01883397735015e-21 	-0.014412340007352 	5.48619979818792e-21 	-0.00454235607091356 	0 	0 	0 	0 	0 	0 	0.0189394448634115 	-0.027188213237244 	5.0373770229623e-21 	-0.014397088548461 	5.48153127636285e-21 	-0.00454235631495044
0.686921191133374 	0.0903390354565132 	0.0935950445811926 	0.0413695654713273 	0.248343972942478 	-0.0667195597335528 	-6.25000867902915e-23 	0.355510238469399 	-0.11065713210694 	0.00017221423267597 	0.0207440460023788 	-0.0277932562683509 	6.54089311175891e-19 	-0.0158927165094808 	-5.11176021539566e-19 	-0.004851329492898 	0 	0 	0 	0 	0 	0 	0.0207297305696137 	-0.0278693488883928 	6.54085055404922e-19 	-0.0158784012510884 	-5.1291168182392e-19 	-0.00485132931852523
0.719907385326428 	0.0919218662898888 	0.09355123845378 	0.0429429507261939 	0.27616970218108 	-0.0691279926174146 	1.40664059960986e-18 	0.386717991923356 	-0.112646464351676 	0.00123105317405784 	0.0225778666761643 	-0.0283331208104167 	2.97059921230721e-17 	-0.0174169149693259 	-6.09466102537945e-18 	-0.0051609517068384 	0 	0 	0 	0 	0 	0 	0.0225646850512511 	-0.0284124911164007 	2.98013277360388e-17 	-0.0174037343835863 	-6.11573496910421e-18 	-0.00516095066766478
0.754101960410785 	0.0931820246891823 	0.0930964976985668 	0.0445341268215317 	0.306159505411706 	-0.0713987786860909 	3.86138409931357e-20 	0.419298235977721 	-0.114276331971472 	0.00211536124996652 	0.0244291646325446 	-0.028692512958018 	1.12453809183627e-18 	-0.0189643778996175 	9.34343251848701e-19 	-0.00546478673292705 	0 	0 	0 	0 	0 	0 	0.0244173512828135 	-0.0287749771172235 	1.13205082631359e-18 	-0.0189525677935672 	9.36841921398489e-19 	-0.00546478348924632
0.789549182917167 	0.0940256314136061 	0.092152150030141 	0.0461145184217577 	0.338333967854539 	-0.0734702648093547 	-1.70688848276093e-18 	0.453354894431621 	-0.11554755125771 	0.00254278538182828 	0.0262667754601227 	-0.0288245056955902 	-3.35705852276987e-17 	-0.0205108272872314 	7.01836060841365e-18 	-0.00575594817289127 	0 	0 	0 	0 	0 	0 	0.0262566023386698 	-0.028909750580725 	-3.3679595419278e-17 	-0.0205006600860364 	7.04259658291909e-18 	-0.00575594225263343
0.826294940988941 	0.0943498531751588 	0.0906891535596516 	0.0476416521138058 	0.372658117747356 	-0.0752685285835282 	-7.34005884737847e-22 	0.488182104388471 	-0.116361776956872 	0.00277029908770124 	0.0280499692739957 	-0.0286465737936558 	-4.51971224916659e-18 	-0.0220359925942434 	3.02859218866656e-18 	-0.00601397667975237 	0 	0 	0 	0 	0 	0 	0.0280417850387016 	-0.0287341233426467 	-4.51975094106558e-18 	-0.022027848154809 	3.03940639872545e-18 	-0.00601393688389252
0.864386803786546 	0.0940513290496221 	0.0885847014953546 	0.04904981268003 	0.409007403118403 	-0.0766622007800681 	-1.08958665447424e-17 	0.523784441755533 	-0.116615751022134 	0.0032705723962978 	0.0296044989481041 	-0.0280644885684407 	-1.9661191054387e-16 	-0.0233872576992953 	3.29979686954144e-17 	-0.00621724124880883 	0 	0 	0 	0 	0 	0 	0.0295986632725762 	-0.0281535427667446 	-1.97266127738968e-16 	-0.0233814869974934 	3.31130770604747e-17 	-0.00621717627508284
0.903874083068074 	0.0930452152747367 	0.0857936592056176 	0.050011691021789 	0.447052237939101 	-0.0775903067129828 	2.68098179671654e-19 	0.560347658318367 	-0.116305657187621 	0.00401815840326083 	0.0307292595209725 	-0.0271136480148879 	2.24078542145536e-18 	-0.024338670363816 	-7.72558628620432e-18 	-0.00639058915715648 	0 	0 	0 	0 	0 	0 	0.0307259662771174 	-0.0272031421353933 	2.22745117900864e-18 	-0.0243352593953437 	-7.74931118177485e-18 	-0.00639070688177369
0.944807897025722 	0.0912842110583286 	0.0823067152353349 	0.0497349249868838 	0.486390252713785 	-0.0781452758763344 	1.11754705567819e-17 	0.597326913535559 	-0.115401677087655 	0.00488668762094821 	0.0304193638677108 	-0.0256575472082709 	1.89588242629166e-16 	-0.0242663830327763 	-3.38899781906695e-17 	-0.00615298083493449 	0 	0 	0 	0 	0 	0 	0.0304190920233938 	-0.0257464897711789 	1.90234230897827e-16 	-0.024265921950589 	-3.40036278178459e-17 	-0.00615317007280484
0.987241236460763 	0.0888099806949051 	0.078100050550886 	0.0483116867390833 	0.526690150613278 	-0.0778419002064093 	8.41246709832677e-22 	0.633926820638121 	-0.113899692332649 	0.00553025351668759 	0.0275439338982616 	-0.0239035703247167 	-4.99476172274888e-18 	-0.0223802736030294 	3.24217378855993e-18 	-0.00516366029523224 	0 	0 	0 	0 	0 	0 	0.0275471057658299 	-0.0239910390670753 	-4.99472073472584e-18 	-0.0223835418622298 	3.25476048883605e-18 	-0.00516356390360003
1.0312290333827 	0.0857921432686596 	0.0733096534136966 	0.047304328995407 	0.567498121416945 	-0.076566803277934 	1.08749488227401e-21 	0.669409098925357 	-0.111828139525165 	0.00560977710275464 	0.0257529538153246 	-0.0222450537835815 	1.81182474160457e-20 	-0.0212615034518704 	-3.15569208460436e-21 	-0.00449145036345424 	0 	0 	0 	0 	0 	0 	0.0257589503548557 	-0.0223300224162732 	1.81842873457677e-20 	-0.0212676427418557 	-3.16454419504037e-21 	-0.004491307613
1.07682823212141 	0.0823833960134685 	0.0682601368476783 	0.0475332376450436 	0.608345290504196 	-0.0748449302052898 	6.10555709182228e-22 	0.70293835038613 	-0.109179652880551 	0.00523922277738553 	0.0254230822788782 	-0.0206087788292465 	1.0925407441677e-20 	-0.0211879380889106 	-1.48641066926029e-21 	-0.00423514418996762 	0 	0 	0 	0 	0 	0 	0.0254311889763189 	-0.0206901271689553 	1.09665331559148e-20 	-0.0211960193211226 	-1.4902804252937e-21 	-0.00423516965519631
1.12409786304433 	0.078708309343102 	0.0630846622947492 	0.0486583646133819 	0.648560525001435 	-0.0725904361820181 	-4.17477992931058e-22 	0.733910447512698 	-0.106004464379633 	0.00466454974634461 	0.0258395800649255 	-0.0188697203041433 	-5.91411680192706e-21 	-0.0215528996020019 	-1.1477611047973e-20 	-0.00428668046292365 	0 	0 	0 	0 	0 	0 	0.0258489806034997 	-0.0189467613549859 	-5.94410632092595e-21 	-0.0215623518007382 	-1.14739656148032e-20 	-0.00428662880276149
1.17309911897413 	0.0748795461014394 	0.0578323656596244 	0.0505570014283633 	0.687955429880399 	-0.0699841824327133 	1.4349268701713e-22 	0.761856115531073 	-0.102349883517773 	0.00394040037660009 	0.0274010030028368 	-0.0175260198533823 	5.29696231029248e-21 	-0.0226107210501148 	-1.36550054985014e-20 	-0.00479028195272197 	0 	0 	0 	0 	0 	0 	0.0274104507532716 	-0.0175990832384938 	5.30333876209177e-21 	-0.0226202995983539 	-1.36579733532679e-20 	-0.00479015115491769
1.22389543440576 	0.0709767068518932 	0.0527669408280513 	0.0526612732161482 	0.727186559234885 	-0.0674544660108438 	2.33487651134993e-21 	0.786153633596202 	-0.0982543657180208 	0.00299240456322953 	0.0285413804083233 	-0.016929981084307 	4.48602421550276e-20 	-0.0232531959492745 	2.51344502465511e-20 	-0.00528818445904883 	0 	0 	0 	0 	0 	0 	0.0285499643500359 	-0.0169997771212524 	4.50437781550555e-20 	-0.0232617761162645 	2.51156677280466e-20 	-0.0052881882337714
1.2765525676255 	0.0670459360754528 	0.0480665158302577 	0.0531685648525788 	0.766546005573384 	-0.0652872374468568 	2.6978305261316e-21 	0.806791081951588 	-0.0938786360528738 	0.00178394473521833 	0.0273929747926623 	-0.0165840478387794 	5.78415154671977e-20 	-0.0220906509498042 	2.44734561272475e-20 	-0.00530232384285814 	0 	0 	0 	0 	0 	0 	0.0274004564240789 	-0.0166499461346735 	5.80765479628858e-20 	-0.022097863869274 	2.44551231909634e-20 	-0.00530259255480496
1.33113868583821 	0.0631018211465151 	0.0437838640970266 	0.0501318009424978 	0.804962285614601 	-0.0635394591306293 	8.5796183860611e-22 	0.824407379584807 	-0.0893444577510319 	0.000825071993233738 	0.0217672281813522 	-0.0156583882783786 	2.30863600773563e-20 	-0.0177474295236689 	-2.58544225135876e-21 	-0.00401979865768326 	0 	0 	0 	0 	0 	0 	0.0217745261281784 	-0.0157175922447399 	2.31705403504939e-20 	-0.0177544427370632 	-2.59064458224209e-21 	-0.00402008339111513
1.3877244534131 	0.0592541532361379 	0.0398905512862067 	0.0442027083567605 	0.838928260880234 	-0.0613406562182106 	1.53870129707731e-21 	0.839828244093709 	-0.0847082428949336 	0.000364423600401899 	0.0129695269964254 	-0.0138321531364761 	5.46214318026821e-20 	-0.0109740358986861 	6.56667820197825e-21 	-0.00199549109773936 	0 	0 	0 	0 	0 	0 	0.0129781143343235 	-0.0138813912970273 	5.48038793885779e-20 	-0.0109827436004956 	6.55397812110056e-21 	-0.00199537073382787
1.44638312336215 	0.0557384443506018 	0.0364474392254717 	0.0391390309459407 	0.866049509575618 	-0.0580990125227332 	9.84557335298656e-22 	0.853231116365529 	-0.0800580172124236 	0.000188737828020758 	0.00607905804911116 	-0.0117617790518513 	2.64660844187137e-20 	-0.00552472267468235 	9.02487434402924e-21 	-0.00055433537442881 	0 	0 	0 	0 	0 	0 	0.00608855500423219 	-0.0118002523247548 	2.65634452921439e-20 	-0.00553450652421399 	9.01878662808733e-21 	-0.000554048480018207
1.50719063216969 	0.0527286019857062 	0.0335584405039544 	0.0372729450218394 	0.887591417875951 	-0.0549611568983734 	4.56953087318141e-23 	0.864437426650691 	-0.075472522202374 	0.000110468418574958 	0.00377062412464201 	-0.0100241975208217 	2.9819969825937e-21 	-0.00360726140785394 	-1.80670901318377e-21 	-0.000163362716788067 	0 	0 	0 	0 	0 	0 	0.00377930633112867 	-0.0100544570883185 	2.9832579261505e-21 	-0.00361596642490112 	-1.80574833827566e-21 	-0.00016333990622755
1.57022569809586 	0.0501739992746876 	0.0311582713734953 	0.0373047774010449 	0.905848067456512 	-0.0524126126458724 	3.83154247754554e-22 	0.874086632377609 	-0.0709732803090144 	5.46681831835798e-05 	0.00311131104706237 	-0.00887193841435601 	2.27929308694165e-20 	-0.00298543900757562 	-3.7838194004329e-21 	-0.000125872039486753 	0 	0 	0 	0 	0 	0 	0.00311897741348164 	-0.00889720558871617 	2.28589611156094e-20 	-0.00299300929249435 	-3.7881722837854e-21 	-0.000125968120987282
1.63556992308116 	0.0479157581917805 	0.029150288358273 	0.0376211174925137 	0.922229766493214 	-0.0498912439743032 	5.86916335186608e-22 	0.882859723722248 	-0.0665960935463571 	-0.000103802308451898 	0.00288690718883694 	-0.00816705468666118 	2.97474427649418e-20 	-0.00284844309542168 	-1.67028258341458e-21 	-3.84640934152553e-05 	0 	0 	0 	0 	0 	0 	0.002894076733702 	-0.0081890283004955 	2.98225246261316e-20 	-0.0028556007529174 	-1.67440468397634e-21 	-3.84759807846024e-05
1.70330789838417 	0.045821809462136 	0.0274771957262765 	0.0379753899778046 	0.937186238450203 	-0.0473853589570711 	9.36955285134479e-22 	0.891083304918074 	-0.0623917192396903 	-0.000826855231734144 	0.00281775244146846 	-0.00758223699959642 	4.46277911548903e-20 	-0.00279784040446025 	-2.28783575082747e-21 	-1.9912037008205e-05 	0 	0 	0 	0 	0 	0 	0.00282460217975713 	-0.00760164266313078 	4.47435949272285e-20 	-0.0028046932383541 	-2.29365440921427e-21 	-1.99089414030279e-05
1.77352731408897 	0.0438026878516946 	0.0260894297082509 	0.0383721755724402 	0.95103259554245 	-0.0448892200851529 	1.75981353251179e-22 	0.898822769358714 	-0.0583856064838438 	-0.00170282071987643 	0.0027732853906686 	-0.00703920244104865 	7.97627320628527e-21 	-0.00275992796673565 	1.77136757695064e-22 	-1.33574239329538e-05 	0 	0 	0 	0 	0 	0 	0.00277989835893195 	-0.0070565673788714 	7.99575256993953e-21 	-0.00276654088210333 	1.77576976718082e-22 	-1.33574768286227e-05
1.84631907262422 	0.041774733670202 	0.02486679633475 	0.0387883030680696 	0.964034879433255 	-0.0423839736887025 	-1.29609192373467e-21 	0.906450680364399 	-0.0545458036617902 	-0.00194003958265885 	0.00270930812012668 	-0.00653676350674643 	-8.87367890773669e-20 	-0.00270344833745601 	4.2869786761166e-21 	-5.85978267066468e-06 	0 	0 	0 	0 	0 	0 	0.00271572953049869 	-0.00655252467963875 	-8.89472337078587e-20 	-0.00270987017193066 	4.29657916132555e-21 	-5.85935856802236e-06
1.92177740644075 	0.0396712490322414 	0.0237240379207386 	0.0392064958695867 	0.976397626168612 	-0.0398532940863669 	-1.44137107020602e-21 	0.914609106184454 	-0.0508084181173049 	-0.00174606672367613 	0.00263373506247858 	-0.00607412467167323 	-9.72491724031612e-20 	-0.00263119891730273 	3.93129188012751e-21 	-2.53614517585682e-06 	0 	0 	0 	0 	0 	0 	0.00263998175425133 	-0.00608862822130571 	-9.74801586077402e-20 	-0.00263744537000869 	3.94003568481615e-21 	-2.53638424264843e-06
2 	0.0377270304749154 	0.0227769151255621 	0.0395373131287026 	0.986934006864958 	-0.0376060617198899 	1.00496328418056e-34 	0.922325939706959 	-0.0475588788356713 	-0.00162295986047271 	0.00255850719075663 	-0.00566459281336072 	-5.59867014173544e-22 	-0.00255582861429838 	-4.15347438777498e-22 	-2.67857645824317e-06 	0 	0 	0 	0 	0 	0 	0.00256461750361613 	-0.00567814080065491 	-5.61204889258429e-22 	-0.00256193391310939 	-4.1633204486079e-22 	-2.68359050673877e-06
2.04048019216691 	0.0363194584584086 	0.0221024251218282 	0.0398142137694265 	0.993982169053667 	-0.0360408238161059 	0 	0.927811136433048 	-0.0453149840419141 	-0.00169913849943756 	0.00251320917592456 	-0.00538636409866595 	-2.08949022823082e-38 	-0.00251317220897819 	3.36852260644938e-35 	-3.69669463700239e-08 	0 	0 	0 	0 	0 	0 	0.002519260820617 	-0.00539934617759858 	-2.0894903501467e-38 	-0.00251922483998884 	3.37664910529322e-35 	-3.59806281600956e-08
2.07952987991697 	0.035184983377655 	0.0215155180220741 	0.0399871097836763 	0.999442044839978 	-0.0347877867030778 	0 	0.932278402201668 	-0.043558163790976 	-0.00178741143179834 	0.00247804235054856 	-0.00518370818025315 	0 	-0.00247953319728569 	0 	1.49084673712926e-06 	0 	0 	0 	0 	0 	0 	0.00248406785445693 	-0.00519632257228573 	0 	-0.00248556313661142 	0 	1.49528215448622e-06
2.11719961495896 	0.0340800327524559 	0.0209432851161427 	0.0401495750804273 	1.00455426284284 	-0.0335880366946334 	0 	0.936548159464765 	-0.041888909614484 	-0.0017201873852287 	0.00244106089973378 	-0.00497323141914368 	0 	-0.00244064154140425 	0 	-4.19358329530281e-07 	0 	0 	0 	0 	0 	0 	0.00244707231223016 	-0.00498548468728992 	0 	-0.0024466527796581 	0 	-4.19532572065126e-07
2.15353816258619 	0.0330048924344683 	0.0204166994616775 	0.0402980376382663 	1.00934561166618 	-0.0324310931346577 	0 	0.940596313587297 	-0.0403020270179353 	-0.00168536646781181 	0.00240694556599862 	-0.004761145793356 	0 	-0.00240642371662522 	0 	-5.21849373401336e-07 	0 	0 	0 	0 	0 	0 	0.00241296347867398 	-0.00477305521404874 	0 	-0.00241244134819993 	0 	-5.2213047404168e-07
2.1885925648055 	0.0319598258869093 	0.0199210137545445 	0.0404304242860101 	1.01383690377184 	-0.0313123510129176 	0 	0.944522717235632 	-0.0387983237316249 	-0.00185183534612485 	0.00237177286124803 	-0.00454575480014889 	0 	-0.00237145679954805 	0 	-3.16061699981392e-07 	0 	0 	0 	0 	0 	0 	0.00237780953228792 	-0.00455732763784743 	0 	-0.00237749341245117 	0 	-3.16119836749535e-07
2.22240820123539 	0.0309450119525146 	0.0194380047186322 	0.0405472993306481 	1.0180448483949 	-0.0302288799127638 	0 	0.948299771537402 	-0.0373589086604973 	-0.00214720184168925 	0.00233426834332619 	-0.00432609579526981 	0 	-0.00233411835068593 	0 	-1.49992640261608e-07 	0 	0 	0 	0 	0 	0 	0.00234033178587811 	-0.00433733290172449 	0 	-0.00234018182565015 	0 	-1.49960227961158e-07
2.25502884785218 	0.0299605005486982 	0.018967009773148 	0.0406497122683415 	1.02198367423816 	-0.0291785132236834 	0 	0.951893654899916 	-0.0359658940689215 	-0.00239422561576693 	0.00229393063342336 	-0.00410200319474458 	0 	-0.00229384070716793 	0 	-8.99262554316385e-08 	0 	0 	0 	0 	0 	0 	0.0023000260064526 	-0.00411290118699858 	0 	-0.00229993612910032 	0 	-8.98773522807841e-08
2.28649673366009 	0.0290061912563903 	0.0184980220155949 	0.0407385191474897 	1.02566566724237 	-0.0281596169104304 	0 	0.955360572072108 	-0.0346106915653179 	-0.00250740021290655 	0.00225010414645298 	-0.00387400503051451 	0 	-0.00225004226619465 	0 	-6.18802583335171e-08 	0 	0 	0 	0 	0 	0 	0.00225623442626854 	-0.00388455717909602 	0 	-0.00225617258255227 	0 	-6.18437162629828e-08
2.31685259535872 	0.028081834148791 	0.0180427070508859 	0.0408144191580952 	1.02910164471934 	-0.0271709530295224 	0 	0.958753118848741 	-0.0332904709464672 	-0.00252839544665818 	0.00220254281758723 	-0.00364276902984987 	0 	-0.00220247151894954 	0 	-7.12986376895365e-08 	0 	0 	0 	0 	0 	0 	0.00220870929610218 	-0.00365296599734672 	0 	-0.0022086380229896 	0 	-7.12731125813981e-08
2.34613573007873 	0.027187040449499 	0.0176237286333859 	0.0408781704530139 	1.03230132288374 	-0.0262115579700658 	0 	0.961889255736693 	-0.0320134675047657 	-0.00244816409919223 	0.00215099500723217 	-0.00340929619875888 	0 	-0.00215092617250263 	0 	-6.88347295385997e-08 	0 	0 	0 	0 	0 	0 	0.00215719784845028 	-0.00341912645573668 	0 	-0.00215712907250389 	0 	-6.87759463851345e-08
2.3743840462538 	0.0263213000545689 	0.0172415545840486 	0.0409306860907365 	1.03527349080502 	-0.0252806083407353 	0 	0.964752003093549 	-0.0307890896693298 	-0.00230659483902375 	0.00209567727202265 	-0.00317445834580002 	0 	-0.00209560509821589 	0 	-7.21738067698911e-08 	0 	0 	0 	0 	0 	0 	0.00210191587193452 	-0.00318390832875046 	0 	-0.00210184373991876 	0 	-7.2132015760998e-08
2.40163411269502 	0.0254840009080197 	0.0168781790128217 	0.0409726867807854 	1.03802612899403 	-0.0243774764485414 	0 	0.967446819520013 	-0.0296198187727391 	-0.00219875394791117 	0.00203689623875669 	-0.0029390716428558 	0 	-0.00203677479021375 	0 	-1.21448542939806e-07 	0 	0 	0 	0 	0 	0 	0.00204316957291741 	-0.00294812551178094 	0 	-0.00204304805591703 	0 	-1.21517000381926e-07
2.42792120593089 	0.02467444972624 	0.0165185723742208 	0.0410046619881925 	1.04056632946411 	-0.023501516559453 	0 	0.969972355041459 	-0.0285011933234392 	-0.00214268653275062 	0.00197436887994933 	-0.00270440031984569 	0 	-0.00197424957933161 	0 	-1.19300617720756e-07 	0 	0 	0 	0 	0 	0 	0.00198067576657818 	-0.00271303966233172 	0 	-0.00198055639454664 	0 	-1.19372031541822e-07
2.45327935587456 	0.0238918948163575 	0.0161676864862547 	0.0410274758813787 	1.04290045964193 	-0.022652046091992 	0 	0.972235373247609 	-0.0274230139756331 	-0.00206961764374432 	0.00190868265841153 	-0.00247122563323133 	0 	-0.00190862383244234 	0 	-5.88259691874746e-08 	0 	0 	0 	0 	0 	0 	0.0019150215191485 	-0.00247942989007925 	0 	-0.00191496269586528 	0 	-5.88232832193077e-08
2.47774138987717 	0.0231355431394613 	0.0158352185656254 	0.0410422457643939 	1.04503441387267 	-0.0218285510608643 	0 	0.974140755090095 	-0.0263839040005069 	-0.00199840205679986 	0.00184071086192906 	-0.00224008893721546 	-1.71484977224646e-21 	-0.00184068819362565 	3.90759317982162e-17 	-2.26683034089074e-08 	0 	0 	0 	0 	0 	0 	0.00184707987174606 	-0.00224783537431111 	-1.7148499081594e-21 	-0.00184705719435709 	3.92142682367497e-17 	-2.26773889664692e-08
2.50133897522445 	0.0224045745294612 	0.0155236948252697 	0.0410498047821474 	1.04697346321444 	-0.0210305060048458 	-6.79458636642024e-17 	0.975714830170066 	-0.0253880278509465 	-0.00203519664845696 	0.00177080515378813 	-0.00201172944522148 	-7.46992520478991e-15 	-0.00177078594782441 	1.43603051190497e-16 	-1.92059637202731e-08 	0 	0 	0 	0 	0 	0 	0.00177720269017259 	-0.00201899222335461 	-7.49757200693696e-15 	-0.00177718344368235 	1.44128803777313e-16 	-1.92464902338564e-08
2.52410266013156 	0.021698157054064 	0.0152343243770659 	0.0410507942837792 	1.04872209547401 	-0.0202573067169129 	1.29544120046353e-18 	0.9769638142294 	-0.024431304233428 	-0.00210484484374726 	0.00169934598407969 	-0.00178673158685583 	-7.55364500629597e-17 	-0.00169932827840313 	-7.49597627150826e-17 	-1.77056765550409e-08 	0 	0 	0 	0 	0 	0 	0.00170577060828376 	-0.00179348099745899 	-7.45113993638766e-17 	-0.00170575286394877 	-7.52688362535871e-17 	-1.77443349954929e-08
2.54606191328919 	0.0210154607319717 	0.0149667881174451 	0.0410458712117499 	1.05028399493133 	-0.0195083563008288 	6.91877756362901e-17 	0.977907153919987 	-0.023506365240347 	-0.00207586247105088 	0.00162670760184627 	-0.00156562424555524 	7.38858283525106e-15 	-0.00162669333188211 	-1.42200189285178e-16 	-1.42699641655631e-08 	0 	0 	0 	0 	0 	0 	0.00163315799401432 	-0.00157182620118697 	7.41723271986272e-15 	-0.00163314369773855 	-1.42744892708734e-16 	-1.42962757677578e-08
2.56724516201227 	0.020355669401553 	0.0147162243368149 	0.0410357143099137 	1.05166204188236 	-0.0187830437099716 	0 	0.978584109379686 	-0.0226137171397985 	-0.00195478153633619 	0.00155331115394516 	-0.00134883275629257 	-1.30030075879075e-21 	-0.00155330248651501 	3.71807782977353e-17 	-8.6674301489982e-09 	0 	0 	0 	0 	0 	0 	0.00155978617619713 	-0.00135444827100836 	-1.30030132141483e-21 	-0.00155977749995678 	3.73321526627437e-17 	-8.67624034956117e-09
2.58767982904046 	0.0197179906325449 	0.0144771242162978 	0.0410209952002341 	1.0528583162178 	-0.0180807464630591 	0 	0.97902528134006 	-0.0217598234412462 	-0.00181886158183474 	0.00147960138435143 	-0.00113668342748735 	0 	-0.00147959639741119 	0 	-4.98694023782167e-09 	0 	0 	0 	0 	0 	0 	0.0014861001327204 	-0.00114166792988901 	0 	-0.00148609514852994 	0 	-4.9841904594301e-09
2.60739236803822 	0.0191016641539161 	0.0142491985688387 	0.0410023399889185 	1.05387404236215 	-0.0174008262740203 	0 	0.979261145968345 	-0.0209441411016749 	-0.00165460920717447 	0.00140597235932941 	-0.000929465593338746 	0 	-0.00140596858315679 	0 	-3.77617261194905e-09 	0 	0 	0 	0 	0 	0 	0.0014124942160578 	-0.000933767981519963 	0 	-0.00141249045061337 	0 	-3.76544442548351e-09
2.62640829784037 	0.0185059695191791 	0.0140358601983342 	0.0409803267435651 	1.05470951652153 	-0.0167426244997459 	0 	0.979306024729195 	-0.0201569590740691 	-0.00145176569133256 	0.00133279247544654 	-0.000727394533420259 	0 	-0.00133278998796693 	0 	-2.48747961831185e-09 	0 	0 	0 	0 	0 	0 	0.00133933714183082 	-0.000730956100598454 	0 	-0.00133933467413075 	0 	-2.46770007495542e-09
2.64475223548742 	0.0179302330920858 	0.0138358305701328 	0.0409554968900784 	1.05536404342128 	-0.0161054678493212 	0 	0.979130054892399 	-0.0193905643860404 	-0.00125163360418376 	0.00126040217346003 	-0.000530628651356417 	0 	-0.00126040138303144 	0 	-7.90428588541329e-10 	0 	0 	0 	0 	0 	0 	0.00126696970629568 	-0.000533381869975104 	0 	-0.00126696894422909 	0 	-7.62066582987728e-10
2.66244792809357 	0.0173738346153912 	0.0136458729684505 	0.0409283564722408 	1.05583585685716 	-0.0154886673999071 	0 	0.978707779591422 	-0.018647195084581 	-0.0010543712335709 	0.00118911485137153 	-0.000339273901380547 	0 	-0.00118911598880958 	0 	1.13743804138111e-09 	0 	0 	0 	0 	0 	0 	0.00119570570807519 	-0.000341140983015352 	0 	-0.00119570688255678 	0 	1.17448158993339e-09
2.67951828358848 	0.0168362136417446 	0.0134684868121353 	0.0408993763925049 	1.05612202554877 	-0.0148915192408991 	0 	0.978078763721554 	-0.0179279378052635 	-0.000813742016723168 	0.00111921944695841 	-0.00015338696957404 	0 	-0.00111922243072432 	0 	2.98376591184429e-09 	0 	0 	0 	0 	0 	0 	0.00112583452832606 	-0.000154278156415385 	0 	-0.00112583755831311 	0 	3.0299870538314e-09
2.69598540037265 	0.0163168760905841 	0.0133049105905801 	0.0408689915660078 	1.05621833792924 	-0.0143133054757137 	0 	0.977242941698293 	-0.0172299369174727 	-0.000543999682868364 	0.0010509738553425 	2.70149058768292e-05 	0 	-0.00105097869394936 	0 	4.83860685917988e-09 	0 	0 	0 	0 	0 	0 	0.00105761455657031 	2.72033818428128e-05 	0 	-0.00105761945150438 	0 	4.89493407034983e-09
2.71187059592494 	0.0158154012721574 	0.0131508701598339 	0.0408376004030432 	1.05611916261619 	-0.0137532938348775 	0 	0.976176062916438 	-0.0165515214803345 	-0.000270650702707628 	0.000984607152491293 	0.000201951047179742 	0 	-0.000984613839021419 	0 	6.6865301259642e-09 	0 	0 	0 	0 	0 	0 	0.000991275425804953 	0.000203339388328362 	0 	-0.000991282181076266 	0 	6.75527131256594e-09
2.72719443439902 	0.0153314496914216 	0.0130065489210115 	0.0408055662818498 	1.0558172864145 	-0.0132107370153431 	0 	0.974891023895808 	-0.0158951380834536 	9.46891558217689e-06 	0.000920319418185445 	0.000371478248402402 	0 	-0.000920328421069947 	0 	9.00288450292462e-09 	0 	0 	0 	0 	0 	0 	0.000927017851545237 	0.000374205992921203 	0 	-0.000927026939978155 	0 	9.08843291821451e-09
2.74197675324468 	0.0148647719526744 	0.012872246401228 	0.0407732197278073 	1.05530371534297 	-0.0126848707462184 	0 	0.973390319615449 	-0.0152614206129391 	0.000290384706125892 	0.00085828711285101 	0.000535676901066934 	0 	-0.000858298834048462 	0 	1.172119745206e-08 	0 	0 	0 	0 	0 	0 	0.000865019035466029 	0.000539906435500816 	0 	-0.000865030864550642 	0 	1.18290846120128e-08
2.75623668888838 	0.0144152189660113 	0.0127452500952952 	0.0407408589673646 	1.05456743229552 	-0.012174910727097 	0 	0.971679624402781 	-0.0146466697643075 	0.000564976714654178 	0.000798666474564197 	0.000694651226649807 	0 	-0.000798680848184172 	0 	1.4373619974167e-08 	0 	0 	0 	0 	0 	0 	0.0008054361080821 	0.000700572002026176 	0 	-0.00080545061711466 	0 	1.45090325599074e-08
2.76999270150626 	0.0139827538661688 	0.0126269472703046 	0.0407087494173047 	1.05359511598211 	-0.0116800458728233 	0 	0.969790502446127 	-0.0140489155209671 	0.000823640504324789 	0.000741595684710554 	0.000848533012690025 	0 	-0.000741612478646817 	0 	1.67939362625197e-08 	0 	0 	0 	0 	0 	0 	0.000748408366271614 	0.00085636661539764 	0 	-0.000748425326651067 	0 	1.69603794530502e-08
2.78326259892174 	0.0135674659961176 	0.0125186017756853 	0.0406771241876056 	1.05237080204964 	-0.0111994275969953 	0 	0.967701250034837 	-0.013468466509066 	0.00105043395174509 	0.000687205738802108 	0.000997473886825661 	0 	-0.000687225174302471 	0 	1.94355003631495e-08 	0 	0 	0 	0 	0 	0 	0.000694068273654142 	0.00100748021821626 	0 	-0.000694087914468394 	0 	1.96408142521348e-08
2.79606355965862 	0.0131695870434096 	0.0124181207705506 	0.0406461893417575 	1.05087546875104 	-0.0107321475813942 	0 	0.965396831002425 	-0.0129069093069005 	0.00123557079148274 	0.000635640236847957 	0.00114166067816796 	0 	-0.000635666782043803 	0 	2.65451958455991e-08 	0 	0 	0 	0 	0 	0 	0.000642561589427484 	0.00115414559074565 	0 	-0.000642588438171568 	0 	2.68487440839827e-08
2.80841215517947 	0.0127895092539624 	0.0123246897805287 	0.0406161434439467 	1.04908652278681 	-0.0102771791164683 	0 	0.962893415374173 	-0.0123641865323997 	0.00141516304762352 	0.000587095350740524 	0.00128134720563952 	0 	-0.000587143706080085 	0 	4.83553395606622e-08 	0 	0 	0 	0 	0 	0 	0.000594088078468786 	0.00129667220996255 	0 	-0.000594137033919479 	0 	4.89554506932267e-08
2.82032437133825 	0.0124278047854602 	0.0122412512326507 	0.0405871680276096 	1.0469771285306 	-0.00983326596437569 	0 	0.960122650711473 	-0.0118375429560613 	0.00158605951597278 	0.000541797559908464 	0.00141688510112804 	0 	-0.00054185828804692 	0 	6.07281384558529e-08 	0 	0 	0 	0 	0 	0 	0.000548879400898935 	0.00143547973706076 	0 	-0.000548940942867991 	0 	6.15419690558382e-08
2.8318156290747 	0.0120852439969674 	0.0121703742810289 	0.0405590974562597 	1.04451535776127 	-0.00939899507226596 	0 	0.957036892391152 	-0.0113237181387952 	0.00174557288946635 	0.000499556327118878 	0.00154817622840135 	0 	-0.000499433866160572 	0 	-1.22460958306142e-07 	0 	0 	0 	0 	0 	0 	0.000506745395491322 	0.00157054513567389 	0 	-0.000506621154956301 	0 	-1.24240535020647e-07
2.84290080437757 	0.0117628170132485 	0.0121112989510278 	0.0405305993134727 	1.0416640960969 	-0.00897391317495872 	0 	0.95365823175287 	-0.0108197691440197 	0.00191979559721137 	0.000458442851011732 	0.00167518673143736 	0 	-0.00045834253586726 	0 	-1.00315144471865e-07 	0 	0 	0 	0 	0 	0 	0.000465729872953843 	0.00170192490176509 	0 	-0.000465628244934077 	0 	-1.01628019766076e-07
2.85359424754224 	0.0114617624638253 	0.012063572850993 	0.0405018321944235 	1.03838079434216 	-0.00855856826539107 	0 	0.949926505998306 	-0.0103261916131001 	0.00208945515013796 	0.000418710775061064 	0.00179841390880657 	0 	-0.000418799466341613 	0 	8.8691280548813e-08 	0 	0 	0 	0 	0 	0 	0.000426088550280142 	0.00183023276564497 	0 	-0.000426178865545655 	0 	9.03152655124383e-08
2.86390980174789 	0.0111835823978377 	0.0120274324326603 	0.0404742933581375 	1.03461494860293 	-0.0081524365552666 	0 	0.945809669758511 	-0.00984468829444882 	0.00223392026240502 	0.000382334700677003 	0.00191853635132101 	0 	-0.000382381996100463 	0 	4.72954234605261e-08 	0 	0 	0 	0 	0 	0 	0.000389826956326182 	0.00195629164380541 	0 	-0.000389875455086639 	0 	4.84987604565114e-08
2.87386082097819 	0.010930029399357 	0.012003122651394 	0.0404482187544033 	1.03030664150632 	-0.00775396364423692 	0 	0.941325103920818 	-0.00937042582476199 	0.00238399910884064 	0.000349090047359627 	0.00203599093794649 	0 	-0.000349100024598814 	0 	9.97723918654087e-09 	0 	0 	0 	0 	0 	0 	0.000356723193205631 	0.00208070537684223 	0 	-0.000356733948688296 	0 	1.07554826647193e-08
2.88346018730867 	0.0107030765670162 	0.0119929997764031 	0.0404235704717296 	1.02538650252202 	-0.00736179998772815 	0 	0.936366145303991 	-0.00889836356673237 	0.00250824948967115 	0.000318567817826809 	0.00215073342301164 	0 	-0.000318566807085739 	0 	-1.0107410699997e-09 	0 	0 	0 	0 	0 	0 	0.000326366315547209 	0.00220361748400698 	0 	-0.000326365932478547 	0 	-3.83068662222156e-10
2.89272032758315 	0.0105048602634781 	0.0119998840121699 	0.0404003217747456 	1.01977469119168 	-0.00697481019858686 	0 	0.930892868490717 	-0.008427082514009 	0.0026055296829553 	0.000290548270792192 	0.00226273695659465 	0 	-0.00029054669750005 	0 	-1.57329214182457e-09 	0 	0 	0 	0 	0 	0 	0.000298535972561357 	0.00232522068514849 	0 	-0.000298534985862135 	0 	-9.86699221938434e-10
2.90165322950093 	0.0103375730060202 	0.0120264662850873 	0.0403784550827802 	1.01337991729377 	-0.00659198453311881 	0 	0.924898105728098 	-0.00795702761349354 	0.00272187365406606 	0.000264876499278581 	0.00237197327726483 	0 	-0.000264871357776155 	0 	-5.14150242561614e-09 	0 	0 	0 	0 	0 	0 	0.000273077337099061 	0.00244573968860982 	0 	-0.000273072722063047 	0 	-4.61503601407329e-09
2.91027045713544 	0.0102032913921476 	0.0120767108722317 	0.0403579199316421 	1.00609875981204 	-0.0062124236280006 	0 	0.91828046592342 	-0.0074908377151161 	0.00281761995726487 	0.000241404618706727 	0.0024783358730364 	0 	-0.000241395837102214 	0 	-8.78160451295433e-09 	0 	0 	0 	0 	0 	0 	0.000249842413772897 	0.00256535360554066 	0 	-0.000249834050059753 	0 	-8.36371314398597e-09
2.9185831659045 	0.0101037291458659 	0.0121516807416626 	0.040338628664289 	0.997815389682205 	-0.00583533464264127 	0 	0.91099192579748 	-0.00702735631411846 	0.00290625668346653 	0.000219926416068739 	0.00258160927153801 	0 	-0.000219921683551223 	0 	-4.73251751533782e-09 	0 	0 	0 	0 	0 	0 	0.000228624050821853 	0.0026841635537206 	0 	-0.000228619686730989 	0 	-4.36409086357239e-09
2.92660211701151 	0.0100399136712917 	0.012252453697244 	0.040320488703526 	0.988401702275169 	-0.00546006484016541 	0 	0.902868546304655 	-0.00656431228962779 	0.00297665853043494 	0.000200282262264217 	0.00268142829655388 	0 	-0.000200278261616423 	0 	-4.00064779463131e-09 	0 	0 	0 	0 	0 	0 	0.000209260030430669 	0.00280214956803443 	0 	-0.000209256396139234 	0 	-3.63429143493372e-09
2.93433769137638 	0.010011797317787 	0.0123804466550281 	0.0403034017578498 	0.977717852083614 	-0.00508620075734638 	0 	0.89380824542867 	-0.00609886594904874 	0.00302755976273303 	0.000182293776570334 	0.00277725856789396 	0 	-0.000182288814964376 	0 	-4.9616059583046e-09 	0 	0 	0 	0 	0 	0 	0.00019156730052352 	0.00291914931801092 	0 	-0.000191562638515396 	0 	-4.66200812444529e-09
2.94179990307414 	0.0100178355563878 	0.0125366178358011 	0.040287244716133 	0.965612976772381 	-0.00471361165524908 	0 	0.883629416646361 	-0.00562967710889604 	0.00307526146526112 	0.000165751858753466 	0.00286835416729986 	0 	-0.000165745659203662 	0 	-6.19954980327264e-09 	0 	0 	0 	0 	0 	0 	0.000175329856002752 	0.00303481776585508 	0 	-0.000175323890863427 	0 	-5.96513932441733e-09
2.94899841229863 	0.0100545805688105 	0.0127195452490507 	0.0402718864015548 	0.951925636371588 	-0.00434248634715625 	0 	0.872197487432154 	-0.00515764628074676 	0.00307854677634448 	0.000150441046125352 	0.00295369715192913 	0 	-0.000150432978263039 	0 	-8.06786231333836e-09 	0 	0 	0 	0 	0 	0 	0.000160322833922009 	0.00314857748101287 	0 	-0.00016031529932809 	0 	-7.5345939192108e-09
2.95594253786806 	0.0101163444387586 	0.0129286486947788 	0.0402572026140939 	0.936483171652648 	-0.00397335859304384 	0 	0.859380735073611 	-0.00468183234365882 	0.0030801517524982 	0.00013610227136733 	0.00303192071058282 	0 	-0.000136089148664043 	0 	-1.31227032863778e-08 	0 	0 	0 	0 	0 	0 	0.000146273589129622 	0.00325956870894807 	0 	-0.000146260984427539 	0 	-1.26047020829442e-08
2.96264126928874 	0.0101949777992899 	0.0131617054057343 	0.0402429815389589 	0.919098762598641 	-0.0036074292250967 	0 	0.844910535876451 	-0.00420312517605207 	0.00306094216364479 	0.000122468826296439 	0.00310120080775188 	0 	-0.000122383282955144 	0 	-8.55433412947232e-08 	0 	0 	0 	0 	0 	0 	0.000132893938416767 	0.00336659391641529 	0 	-0.000132803318778155 	0 	-9.06196386115677e-08
2.96910327839237 	0.0102797863002345 	0.0134149700073872 	0.0402289425408223 	0.899564553341652 	-0.00324727065462134 	0 	0.828604653079563 	-0.00372549625037855 	0.00303097773705354 	0.000109316472413612 	0.00315995417747845 	0 	-0.000109183662927575 	0 	-1.32809486037822e-07 	0 	0 	0 	0 	0 	0 	0.000119946716866961 	0.00346899387539349 	0 	-0.000119803733147159 	0 	-1.42983719801133e-07
2.97533693056215 	0.0103573787849662 	0.0136839582094354 	0.0402160365500489 	0.877627492452832 	-0.00289385158550198 	0 	0.810200065065953 	-0.00325403206415484 	0.00301334681650962 	9.68420703763483e-05 	0.00320347744267517 	0 	-9.69304943943865e-05 	0 	8.84240180382683e-08 	0 	0 	0 	0 	0 	0 	0.00010765959134994 	0.00356355163870317 	0 	-0.000107762937044695 	0 	1.03345694754899e-07
2.98135029556221 	0.0104115508678535 	0.0139511606605096 	0.0402071813535915 	0.852953838945379 	-0.0025436269986338 	0 	0.78938570791326 	-0.00279456991267712 	0.00294968228868366 	8.85700075265275e-05 	0.00322632612526651 	0 	-8.76185815014683e-05 	0 	-9.5142602505921e-07 	0 	0 	0 	0 	0 	0 	9.95619186786173e-05 	0.00364676637099118 	0 	-9.86674874366804e-05 	0 	-8.94431241936894e-07
2.98715115798429 	0.0104230154204095 	0.0141963295650775 	0.0402020812903742 	0.825128914063045 	-0.00219881104340647 	0 	0.765685934532219 	-0.00235147189620336 	0.00283706296482252 	8.51286825742953e-05 	0.00322995381853681 	0 	-8.31113055756408e-05 	0 	-2.01737699865455e-06 	0 	0 	0 	0 	0 	0 	9.62850793478423e-05 	0.00372254827381678 	0 	-9.44117464552251e-05 	0 	-1.87333289261717e-06
2.99274702732526 	0.0103686040688055 	0.0144025141197369 	0.040191250720975 	0.793624347724941 	-0.00185294280877337 	0 	0.738774303502152 	-0.00193222062296308 	0.00268893644130401 	6.91365439659152e-05 	0.0032105197832692 	0 	-6.59925412343242e-05 	0 	-3.14400273159104e-06 	0 	0 	0 	0 	0 	0 	7.98516024588631e-05 	0.0037915883576854 	0 	-7.64464847336818e-05 	0 	-3.40511772518124e-06
2.99814514770852 	0.0102228927028522 	0.0145440856848954 	0.0401477866944914 	0.757627861870354 	-0.00160192043391973 	0 	0.707738178145251 	-0.00154422020170054 	0.00254912429553916 	3.67008506684677e-05 	0.00315033320501496 	0 	-1.96554994743545e-05 	0 	-1.70453511941132e-05 	0 	0 	0 	0 	0 	0 	4.36333069106187e-05 	0.00384463974394099 	0 	-2.27200199678835e-05 	0 	-2.09132869427352e-05
3.00335250726192 	0.00996119163486145 	0.0146026743790645 	0.0400803073194776 	0.715841784063946 	-0.0018789631921883 	0 	0.671929938505802 	-0.00119093022248894 	0.00241235899469375 	4.62350197664409e-05 	0.00303273831584978 	0 	-4.72151761757563e-05 	0 	9.80156409315375e-07 	0 	0 	0 	0 	0 	0 	5.8510275344508e-05 	0.00387801359736257 	0 	-6.12557498166404e-05 	0 	2.74547447213234e-06
