0 	1e-15 	1e-15 	0.0915136071951903 	0 	0 	0 	0 	0 	0 	1.26780746531747e-19 	6.89384660442257e-18 	4.23584898617362e-33 	-1.3430477370952e-19 	2.80451548233842e-31 	7.52402717777283e-21 	0 	0 	0 	0 	0 	0 	-4.06437618025285e-06 	0.00032117685050802 	-3.15615229871744e-19 	1.94507686655003e-06 	1.30747685230039e-17 	2.11929931370282e-06
0.00782225935592549 	0.0013236951811495 	0.0154779788680724 	0.0915075856914759 	-0.0126342032411672 	-0.000249491690150766 	-4.45900228960321e-17 	0.0274522508639626 	-0.000555771133388051 	0.000298536068275639 	-1.9454203659206e-06 	-1.19170713125182e-05 	6.09396048362145e-20 	2.08424600231133e-06 	-5.39651646643415e-19 	-1.38825636390732e-07 	0 	0 	0 	0 	0 	0 	-1.23041844679027e-05 	2.83902572322244e-05 	2.86781857176248e-20 	1.23630889278914e-05 	-1.86988940588103e-18 	-5.89044599887138e-08
0.0159310709790575 	0.00574646655024075 	0.0314028138645863 	0.0915015837477757 	-0.00635824753928649 	-0.000874009709191594 	2.26793075848419e-16 	0.0534161737505992 	-0.00152553252531146 	-0.000101634183018746 	7.93933143056498e-07 	-0.000199891004148325 	-8.31714051460423e-19 	6.27601493099039e-06 	3.91258004360222e-18 	-7.06994807404688e-06 	0 	0 	0 	0 	0 	0 	-1.54502507163632e-05 	-0.000291763974395688 	-7.06955002085965e-19 	2.25369048724948e-05 	3.61394950860826e-18 	-7.08665415613162e-06
0.0243369321180946 	0.0115703582160025 	0.0404841282857065 	0.0914877998189063 	0.00356075576485912 	-0.00167963315878739 	-1.16026117272751e-17 	0.0702665220607438 	-0.00273312247021397 	-0.000448675420127043 	6.49344985339864e-06 	-0.000600677825542841 	-1.11655422685653e-18 	1.94671712112562e-05 	4.14521754373824e-18 	-2.59606210646549e-05 	0 	0 	0 	0 	0 	0 	-1.18908062385256e-05 	-0.000698253718856445 	-1.15115458593496e-18 	3.79582612772497e-05 	5.47459061037971e-18 	-2.60674550387241e-05
0.0330507245666953 	0.0162239580448718 	0.0452317765942101 	0.0914497990678291 	0.0112387520174086 	-0.00256299192234827 	-4.67366631904056e-18 	0.0824657368852857 	-0.00407188932172447 	-0.000606504739115273 	-1.09873311956038e-05 	-0.00103113509240038 	4.73591114561535e-19 	5.99066696095163e-05 	-1.53540308173167e-18 	-4.89193384139125e-05 	0 	0 	0 	0 	0 	0 	-3.00509813616945e-05 	-0.00110553663408197 	4.59966593656021e-19 	7.90096847269662e-05 	-1.63349777887604e-18 	-4.89587033652717e-05
0.0420837287504865 	0.019904409484376 	0.0482686657241989 	0.0913806542725048 	0.0174722592148564 	-0.00347997103856445 	7.04931146710389e-18 	0.0924525407286494 	-0.00549061085237552 	-0.000663179957116852 	-5.66325125182449e-05 	-0.00144434048325578 	3.6037312712104e-19 	0.000128782936158153 	-1.85350422553405e-19 	-7.21504236399083e-05 	0 	0 	0 	0 	0 	0 	-7.59731719589785e-05 	-0.00150469006081681 	3.81415347849867e-19 	0.00014808391199318 	-2.15042609868948e-19 	-7.21107400342018e-05
0.0514476383301201 	0.0230098148495194 	0.0503653956906354 	0.0912913894954932 	0.022941331122655 	-0.00444120246066737 	3.22073349605882e-23 	0.101034759750087 	-0.00696387999724937 	-0.000670613961649322 	-0.000114857604780342 	-0.00186756804773361 	-3.4075003074621e-19 	0.000213698312589179 	1.04908360587707e-18 	-9.88407078088371e-05 	0 	0 	0 	0 	0 	0 	-0.00013440841458458 	-0.00191980656211834 	-3.40750080771276e-19 	0.000233219832914487 	1.08551913776955e-18 	-9.88114183299074e-05
0.0611545753392811 	0.0257525407927659 	0.0518715841889611 	0.0911933859880478 	0.0279708395188775 	-0.0054503878418913 	9.1414652832705e-23 	0.108618716109265 	-0.00848276703186292 	-0.000667066851953138 	-0.000177663261722107 	-0.00230720370129334 	1.9672264732536e-23 	0.000306201433005787 	-7.83830714497215e-24 	-0.00012853817128368 	0 	0 	0 	0 	0 	0 	-0.000197356121355206 	-0.00235423836830775 	2.00302937909063e-23 	0.000325886892879322 	-8.10277857756676e-24 	-0.000128530771524116
0.0712171058772484 	0.0282496471432554 	0.0530071564829776 	0.0910910646142325 	0.0327344892409358 	-0.00650303123275328 	7.10827450847862e-23 	0.115461626009537 	-0.0100512894229323 	-0.00058965759520456 	-0.000240087270727034 	-0.00276502422524515 	1.42338086204689e-23 	0.00040048171252459 	1.16577113170471e-23 	-0.000160394441797556 	0 	0 	0 	0 	0 	0 	-0.00025985919084327 	-0.00280845608422003 	1.4605208453559e-23 	0.000420252041431225 	1.1873590905843e-23 	-0.000160392850587955
0.0816482563763148 	0.0305718513826902 	0.0538918289608568 	0.0909865323605776 	0.0373373181412638 	-0.00759747035015502 	3.1720340799871e-23 	0.121769760945206 	-0.0116840790847379 	-0.000421500663087903 	-0.000299232594992756 	-0.00324215496370626 	2.22004753146242e-24 	0.00049382176947106 	3.45097106951794e-23 	-0.000194589174478304 	0 	0 	0 	0 	0 	0 	-0.00031904760260917 	-0.00328296661550528 	2.49004462239328e-24 	0.000513635907818658 	3.49971114960693e-23 	-0.000194588305209487
0.0924615304651366 	0.0327653057733561 	0.0546080190857662 	0.0908818883218994 	0.041849343100546 	-0.00873372129222377 	-5.1062229047936e-23 	0.127698149416803 	-0.0133727827187546 	-0.000233932095573082 	-0.000352537403477491 	-0.00373931576662458 	-3.12349611496306e-18 	0.000583867700173478 	7.21573245416357e-18 	-0.000231330296695987 	0 	0 	0 	0 	0 	0 	-0.000372372688259229 	-0.0037781626792233 	-3.12349727768645e-18 	0.000603702318647307 	7.29216046034973e-18 	-0.000231329630388078
0.103670926449831 	0.0348620203490043 	0.0552271125405738 	0.0907793795402953 	0.0463214582789905 	-0.00991224805968091 	-1.84317453793132e-17 	0.133348629765817 	-0.0150921010407683 	-7.81065764015682e-05 	-0.000397307108937255 	-0.00425709749800962 	-2.08302535650584e-17 	0.000668059120102775 	-2.07900418053424e-18 	-0.000270752011165521 	0 	0 	0 	0 	0 	0 	-0.000417145322339562 	-0.00429444769153811 	-2.10167214308128e-17 	0.000687896871288405 	-2.02485069610085e-18 	-0.000270751548948843
0.115290955435463 	0.0368852974244905 	0.0557847119225684 	0.0906812968451228 	0.050793492426936 	-0.0111336618005129 	-1.54554824181782e-18 	0.13882319480288 	-0.0168642952353873 	7.23839339515775e-05 	-0.000430720875235621 	-0.00479604259054171 	1.00454507878148e-17 	0.000743730190580759 	-1.60722640621329e-17 	-0.000313009315345137 	0 	0 	0 	0 	0 	0 	-0.000450547562100162 	-0.00483224890212993 	1.00410023277543e-17 	0.000763556567403853 	-1.62110914667702e-17 	-0.00031300900530369
0.12733666011137 	0.0388527806763226 	0.0563060332190268 	0.0905899806288709 	0.0552986221033307 	-0.0123986623762881 	1.67965085584184e-17 	0.144233166833335 	-0.0187285558918568 	0.00016882222037116 	-0.000449833773343999 	-0.00535664468110846 	2.32242619326016e-17 	0.000808137567799828 	2.38417254712566e-18 	-0.000358303794455829 	0 	0 	0 	0 	0 	0 	-0.000469636234812363 	-0.0053919851600812 	2.34052769420379e-17 	0.000827939818411775 	2.33227185868853e-18 	-0.000358303583599412
0.13982363422465 	0.0407782714819204 	0.0568230417141164 	0.0905078551820883 	0.0598659960765785 	-0.0137080021622712 	-9.4983584063366e-23 	0.149674977923644 	-0.0206832326599228 	0.000138587503801059 	-0.00045155325741846 	-0.00593934081700562 	-4.40169037983407e-18 	0.000858433046383409 	9.15950240465717e-18 	-0.000406879788964949 	0 	0 	0 	0 	0 	0 	-0.00047131981300234 	-0.00597404294923829 	-4.40169252214039e-18 	0.000878199458655656 	9.22391483811361e-18 	-0.000406879645653316
0.152768042767027 	0.0426728643174317 	0.0573823652457032 	0.0904374484277952 	0.064522410869133 	-0.0150624519537254 	1.19167814752071e-23 	0.155172136137172 	-0.0227073592541046 	-6.50376955186152e-05 	-0.000432623543964853 	-0.00654450221170937 	6.51735324568217e-23 	0.000891643148599373 	-6.72926334266933e-23 	-0.000459019604634521 	0 	0 	0 	0 	0 	0 	-0.000452343005179772 	-0.00657875827764625 	6.53473091389174e-23 	0.000911362515617519 	-6.77856209092883e-23 	-0.000459019510437747
0.166186642901204 	0.0445456839980491 	0.0580068594987442 	0.0903813996059907 	0.0692934497902737 	-0.0164627710757036 	2.47630812274602e-23 	0.160665390775742 	-0.0247834214574209 	-0.000457928468734687 	-0.000389619893376269 	-0.00717242233477091 	7.76851770226528e-23 	0.000904661551599026 	-2.76984162007393e-23 	-0.000515041658222757 	0 	0 	0 	0 	0 	0 	-0.000409281180259216 	-0.00720639958742006 	7.81192291251499e-23 	0.000924322780640529 	-2.77789097219205e-23 	-0.000515041600381313
0.18009680565383 	0.046404378230246 	0.0586884725100598 	0.0903424608482243 	0.0742043035093505 	-0.0179096815006852 	3.02477877816849e-24 	0.166173740423811 	-0.0269053527654782 	-0.000949803363847506 	-0.000318945837597425 	-0.0078233058191433 	7.06905800272885e-24 	0.000894246435183023 	-4.72904407085692e-23 	-0.000575300597585598 	0 	0 	0 	0 	0 	0 	-0.000338537685401268 	-0.00785715348892405 	7.21923754417942e-24 	0.00091383825262863 	-4.70808393506717e-23 	-0.000575300567227362
0.19451653840313 	0.0482554527429422 	0.0594096963814266 	0.0903234933108825 	0.0792803983994659 	-0.0194038428603138 	-3.597674717715e-23 	0.171737561829466 	-0.0291031421535527 	-0.0015654759929796 	-0.000216841736538501 	-0.00849724952188751 	1.59391068493509e-18 	0.000857027120479466 	-2.84984100629425e-18 	-0.000640185383940966 	0 	0 	0 	0 	0 	0 	-0.000236352452920435 	-0.00853110380724365 	1.59391043897433e-18 	0.00087653782708642 	-2.86235799997295e-18 	-0.000640185374165985
0.209464508190326 	0.0501045006002704 	0.0601687124294523 	0.090327460137119 	0.0845479071108898 	-0.0209458257013604 	4.08063271802777e-18 	0.177360359584719 	-0.0313564965933101 	-0.00226846118652708 	-7.93935987511828e-05 	-0.00919422469440507 	2.25985676081104e-17 	0.000789512257318234 	1.97109819774241e-18 	-0.000710118658567051 	0 	0 	0 	0 	0 	0 	-9.88108515102397e-05 	-0.00922821241556463 	2.26967220070908e-17 	0.000808929514627634 	1.94345203613143e-18 	-0.000710118663117394
0.224960065885025 	0.0519563569691175 	0.0609960900331098 	0.09035741667484 	0.0900341831916284 	-0.0225360835755781 	1.35344358880983e-19 	0.183203079249558 	-0.0336418307365427 	-0.00304265656612509 	9.74562938530245e-05 	-0.00991405866589669 	-4.01479869332267e-18 	0.00068810027753092 	5.82646266434054e-18 	-0.000785556571383944 	0 	0 	0 	0 	0 	0 	7.81456717933951e-05 	-0.00994829999882273 	-4.01082815316897e-18 	0.000707410913176977 	5.8495758743154e-18 	-0.000785556584970372
0.241023271235857 	0.0538151985615763 	0.0618756517486667 	0.0904164962246426 	0.0957681495777632 	-0.0241749217067242 	-4.02751533741058e-18 	0.189407840616094 	-0.0359684278482161 	-0.00388596818909968 	0.000317887404658427 	-0.0106564081522222 	-2.34917135636337e-17 	0.000549098502044213 	-2.25656076118109e-18 	-0.000866985906702639 	0 	0 	0 	0 	0 	0 	0.000298697605530026 	-0.0106910187154918 	-2.3587693468717e-17 	0.000568288318581766 	-2.22953047358069e-18 	-0.000866985924111792
0.257674918838785 	0.055684599604412 	0.0627749376131712 	0.0905078917514257 	0.101780658688458 	-0.0258624613378698 	-8.1157019321092e-23 	0.195918685764909 	-0.0383213251417535 	-0.00465288047781963 	0.000586179429338899 	-0.0114207363485682 	1.9744921105099e-18 	0.000368743251411539 	-3.22816625319039e-18 	-0.000954922680750438 	0 	0 	0 	0 	0 	0 	0.000567125860188656 	-0.0114558288111581 	1.97449055901367e-18 	0.00038779683683716 	-3.2399214108587e-18 	-0.000954922697025815
0.274936565056721 	0.057567551284826 	0.0637259720687408 	0.0906348318566456 	0.108104834017532 	-0.0275986000844936 	0 	0.202739349113535 	-0.0407166832284176 	-0.00524088169681866 	0.000906680611281753 	-0.0122062832749438 	6.25544391419395e-23 	0.00014322791590996 	-9.28101381063214e-23 	-0.00104990852719171 	0 	0 	0 	0 	0 	0 	0.000887780088226986 	-0.012241968600766 	6.25776662555013e-23 	0.00016212844941671 	-9.3125128294579e-23 	-0.0010499085376437
0.292830555925276 	0.0594664484059565 	0.0647545656523122 	0.0908005511498182 	0.114776402159685 	-0.0293829656755333 	3.41095585383218e-23 	0.209999202854115 	-0.0431649642288403 	-0.00565422584901642 	0.00128376501857168 	-0.013012029680681 	3.34376498715457e-22 	-0.000131260717896996 	8.05490105837966e-25 	-0.00115250430067468 	0 	0 	0 	0 	0 	0 	0.00126503597059498 	-0.0130484180807035 	3.35309498384849e-22 	-0.000112531671166118 	4.04962735579104e-25 	-0.00115250429942886
0.311380056080784 	0.0613830447251522 	0.0658390891271966 	0.0910082563816295 	0.121834014887622 	-0.0312148632078368 	8.31108680937361e-23 	0.217788361794807 	-0.0456640754307215 	-0.00606005748900117 	0.00172178954646381 	-0.0138366650247897 	7.37954442143059e-22 	-0.000458504676501465 	-8.69286921733494e-23 	-0.00126328486996235 	0 	0 	0 	0 	0 	0 	0.00170325222875537 	-0.0138738666456801 	7.40202863829648e-22 	-0.000439967378099979 	-8.75281732460504e-23 	-0.00126328485065539
0.330609078748043 	0.0633183766697121 	0.0669781063726899 	0.0912610841546742 	0.129319557881025 	-0.0330932156495632 	4.92021780457917e-23 	0.226155911737272 	-0.0482350966412313 	-0.0064980400778194 	0.0022250359277945 	-0.0146785467522072 	3.68923387420188e-22 	-0.000842205568314534 	-4.03998128583997e-23 	-0.00138283035947997 	0 	0 	0 	0 	0 	0 	0.00220671264786805 	-0.0147166721267715 	3.702553742914e-22 	-0.000823882331926865 	-4.04575928287524e-23 	-0.00138283031594119
0.350542516826599 	0.0652726539241414 	0.0681785688230546 	0.0915620491573652 	0.137278444494044 	-0.0350164947776352 	-4.89919115751449e-23 	0.235204467276677 	-0.0508887728205976 	-0.00694806919565414 	0.00279763855086659 	-0.0155356528455729 	-6.09139627253962e-22 	-0.00128592487664134 	3.14598124237789e-22 	-0.00151171367422525 	0 	0 	0 	0 	0 	0 	0.00277955390980245 	-0.0155748131175521 	-6.1053956021732e-22 	-0.00126784031014239 	3.15437542446467e-22 	-0.00151171359966007
0.371206175115803 	0.0672451144870679 	0.0693858959124307 	0.0919139847622453 	0.145759885557823 	-0.0369826424329749 	-1.46658736249442e-22 	0.244923864076076 	-0.0535963206185359 	-0.00752048666206787 	0.00344350684493378 	-0.0164055339514483 	-1.5774133923824e-21 	-0.00179301956420155 	5.67183189706175e-22 	-0.00165048728073223 	0 	0 	0 	0 	0 	0 	0.00342568799384399 	-0.0164458408614325 	-1.58172387441738e-21 	-0.00177520082534452 	5.68460883304359e-22 	-0.00165048716849947
0.392626803720378 	0.0692338411310474 	0.0705683941330145 	0.0923194721695915 	0.154817121098204 	-0.0389889812562371 	-9.73600265061194e-23 	0.255205410709329 	-0.0563520723652976 	-0.00820914673929627 	0.00416622988862142 	-0.0172852566253888 	-8.7200718720081e-22 	-0.00236656433506188 	1.50404736924714e-22 	-0.00179966555355954 	0 	0 	0 	0 	0 	0 	0.00414870680281285 	-0.0173268222366044 	-8.7490827736564e-22 	-0.00234904140414599 	1.50551324000206e-22 	-0.00179966539866686
0.414832132679714 	0.071235536003988 	0.0717101652251139 	0.0927807546791666 	0.164507596681587 	-0.0410321125376866 	1.49726613763081e-22 	0.266029889609004 	-0.0591302863742532 	-0.00882416828435873 	0.00496896799207461 	-0.0181713405708918 	1.92962992322294e-21 	-0.00300926409886054 	-1.15623153740173e-21 	-0.00195970389321407 	0 	0 	0 	0 	0 	0 	0.0049517737652542 	-0.0182142767122874 	1.93428878023787e-21 	-0.00299207007260974 	-1.15793008566047e-21 	-0.00195970369264447
0.437850907865753 	0.0732452502783143 	0.0728068091254676 	0.093299637264744 	0.174893063621381 	-0.0431077995904627 	1.49641801384022e-22 	0.277514317190749 	-0.0618934959206348 	-0.00923661707830739 	0.00585432769280491 	-0.0190596805379353 	1.61965150196858e-21 	-0.00372335457593827 	-7.98241527912097e-22 	-0.00213097311686664 	0 	0 	0 	0 	0 	0 	0.00583749885588217 	-0.0191040979307855 	1.62427932853931e-21 	-0.003706525986444 	-7.9892945909884e-22 	-0.00213097286943817
0.461712928195905 	0.0752560666130353 	0.0738992727873213 	0.0938773688941348 	0.186039572834634 	-0.0452108344173031 	-9.49874223041641e-23 	0.289686503746883 	-0.0646476382761161 	-0.00938321878314816 	0.00682422477974838 	-0.0199454610199771 	-1.25972996040809e-21 	-0.00451049447405934 	-1.6224174620279e-22 	-0.00231373030568904 	0 	0 	0 	0 	0 	0 	0.00680780165142092 	-0.0199914680329059 	-1.26272345108999e-21 	-0.00449407163848629 	-1.60926677703697e-22 	-0.00231373001293463
0.486449084209191 	0.0772587337029267 	0.0749749387797429 	0.0945144995300264 	0.198017320873364 	-0.0473348853826919 	-9.97412414736016e-23 	0.302573130291831 	-0.0673927554820493 	-0.00925899001177652 	0.00787973015621369 	-0.0208230531903825 	-1.14808742900542e-21 	-0.00537164515632803 	4.24206074831349e-22 	-0.00250808499988566 	0 	0 	0 	0 	0 	0 	0.00786375723984479 	-0.0208707541700787 	-1.15124356766946e-21 	-0.00535567257374465 	4.24739192264064e-22 	-0.00250808466610014
0.512091398055535 	0.0792412547874911 	0.0759743555222365 	0.0952107056574193 	0.210900305081126 	-0.0494723191398114 	4.78007682213599e-23 	0.316309288183178 	-0.0701415086551983 	-0.00902326290683424 	0.00902088683405485 	-0.02168587491507 	4.16981974130692e-22 	-0.00630692953253333 	1.96193711695126e-21 	-0.00271395730152152 	0 	0 	0 	0 	0 	0 	0.0090054132785024 	-0.0217353680360874 	4.18270911657791e-22 	-0.00629145634625961 	1.96135825732408e-21 	-0.00271395693224279
0.53867306494999 	0.0811884361646578 	0.0768786772527643 	0.0959645779333052 	0.224765728598701 	-0.0516139928090336 	1.13772140541783e-23 	0.33092006257727 	-0.0728669268194268 	-0.00866524535072173 	0.0102465167982573 	-0.0225262323024892 	-1.38905359207251e-22 	-0.00731548459534092 	1.04105630461524e-21 	-0.00293103220291634 	0 	0 	0 	0 	0 	0 	0.0102315969407553 	-0.0225776068589196 	-1.39003180948078e-22 	-0.00730056513572204 	1.04135923929983e-21 	-0.00293103180503328
0.566228496145544 	0.0830814072426551 	0.0776619236795914 	0.0967733560513522 	0.239693081586248 	-0.0537490094960949 	-4.11451712420139e-23 	0.346500714774451 	-0.0754965560757173 	-0.00794061998466913 	0.0115539868129815 	-0.0233351042901505 	-6.49762478270351e-22 	-0.00839528666593209 	-1.07483231415266e-22 	-0.00315870014704943 	0 	0 	0 	0 	0 	0 	0.0115396808518232 	-0.0233884373628466 	-6.51338903630197e-22 	-0.0083809811300876 	-1.06776927099078e-22 	-0.00315869972173565
0.594793363480155 	0.0848971320032374 	0.0782976685900585 	0.0976325965801247 	0.255762823654086 	-0.0558644148896646 	-1.15683289541623e-22 	0.363222078316083 	-0.07802748825597 	-0.00677514054768368 	0.0129389018522804 	-0.0241018287941066 	-1.65937181291299e-21 	-0.00954292595197378 	-2.51056669059225e-22 	-0.00339597590030663 	0 	0 	0 	0 	0 	0 	0.0129252766991026 	-0.0241571811000594 	-1.66303952796524e-21 	-0.00952930128561779 	-2.49537321861453e-22 	-0.0033959754134848
0.624404645555666 	0.0866079447764876 	0.0788017144684611 	0.0985357041709453 	0.273054492561232 	-0.0579448180643117 	-5.24429958081281e-22 	0.380942266130372 	-0.0804519306747521 	-0.00552372759468502 	0.0143946270144494 	-0.0248138844644315 	-7.04383206887048e-21 	-0.0107531507402897 	1.33881507517031e-21 	-0.0036414762741597 	0 	0 	0 	0 	0 	0 	0.0143817570817315 	-0.0248712952763485 	-7.06110373018115e-21 	-0.0107402812348768 	1.34333400628592e-21 	-0.00364147584685472
0.655100675608399 	0.0881811569716207 	0.0791833269437979 	0.0994730164255224 	0.29164417724016 	-0.0599721737763378 	-6.31277016771362e-22 	0.399370655146737 	-0.0826733074850138 	-0.0043815243259608 	0.0159121314696613 	-0.025456462645881 	-7.92024416321233e-21 	-0.012018879810586 	2.63288075556763e-21 	-0.00389325165907533 	0 	0 	0 	0 	0 	0 	0.0159001000152901 	-0.0255159442091552 	-7.94118988291831e-21 	-0.0120068485857982 	2.63639476034154e-21 	-0.00389325142949185
0.686921191133373 	0.0895787981981897 	0.0794551979332288 	0.10043148796922 	0.311601481952636 	-0.0619249081575936 	1.53231955052117e-22 	0.418436075376265 	-0.0845946354062602 	-0.00330510556418781 	0.0174772923322189 	-0.0260115105737556 	2.99967682242772e-21 	-0.0133291031374572 	-2.72344594896456e-21 	-0.00414818919476176 	0 	0 	0 	0 	0 	0 	0.0174661929676459 	-0.0260730411162947 	3.00507159364729e-21 	-0.0133180037208477 	-2.72624419013839e-21 	-0.00414818924679818
0.719907385326426 	0.0907576349674031 	0.0795136642047176 	0.101395033055553 	0.332985199812366 	-0.0637775928085762 	6.47642963335341e-22 	0.438361415152047 	-0.0861908595795602 	-0.00218387727678369 	0.0190757202114036 	-0.0264578963462808 	8.91388813030705e-21 	-0.014672793249375 	-5.04931683616787e-21 	-0.00440292696202862 	0 	0 	0 	0 	0 	0 	0.0190656584632458 	-0.0265214099689542 	8.93559260266566e-21 	-0.0146627315923843 	-5.05394365025619e-21 	-0.0044029268708615
0.754101960410785 	0.0916695324933628 	0.0792796027270364 	0.102344979532541 	0.355836745258364 	-0.0654995618153908 	5.06324817898356e-22 	0.459423614935137 	-0.0874975598843577 	-0.000886177719355366 	0.0206869487271173 	-0.0267714631921191 	6.55015835147082e-21 	-0.0160330980055067 	-2.95306219091693e-21 	-0.00465385072161054 	0 	0 	0 	0 	0 	0 	0.020678042010456 	-0.0268368400110048 	6.56698414009368e-21 	-0.0160241910337265 	-2.95594252177074e-21 	-0.00465385097672956
0.789549182917166 	0.0922623882799069 	0.0786974810962137 	0.103256225821448 	0.380174677910298 	-0.0670564723474286 	4.73935928594388e-22 	0.481536662163971 	-0.0885193026039456 	0.000346605801410057 	0.0222927687439393 	-0.0269286685713177 	5.52143057862217e-21 	-0.0173967878738767 	7.77065584989723e-23 	-0.00489598087006257 	0 	0 	0 	0 	0 	0 	0.0222851498803505 	-0.0269957425839496 	5.53697403829403e-21 	-0.0173891705568904 	7.55535958847842e-23 	-0.00489597932346016
0.826294940988939 	0.0924814307844126 	0.0776453031483653 	0.104095923466048 	0.406000915119699 	-0.0684034823774078 	-3.51638353299668e-24 	0.50454340390597 	-0.0892371902115431 	0.00142226161173588 	0.0238488912329457 	-0.026859357947141 	-6.45229595305242e-18 	-0.0187446937411617 	5.08492902672932e-18 	-0.00510419749178403 	0 	0 	0 	0 	0 	0 	0.0238427474051815 	-0.0269278629324775 	-6.45229719219807e-18 	-0.0187385950819769 	5.09861261060191e-18 	-0.00510415232320464
0.864386803786544 	0.0922738653980866 	0.0761460955199283 	0.10480241786241 	0.433243374591355 	-0.0694444149824068 	-1.10975992117688e-17 	0.528182220305938 	-0.0896082183747686 	0.00247370478961488 	0.0251642878879243 	-0.0265653519205747 	-1.27205547379813e-16 	-0.0198702290482449 	-7.95485930668478e-17 	-0.00529405883967938 	0 	0 	0 	0 	0 	0 	0.0251596883608177 	-0.0266347936204728 	-1.27584211321102e-16 	-0.0198656322627541 	-7.94889162129998e-17 	-0.00529405609806355
0.903874083068072 	0.0915982766040948 	0.0742683687723485 	0.10489879292189 	0.46170477974647 	-0.0702834653905053 	1.99519872373416e-19 	0.552247157843436 	-0.0895866811531933 	0.00332354286940214 	0.0261797063651394 	-0.0261008396583381 	6.73815795573094e-18 	-0.0207107568279787 	-1.07702408587078e-17 	-0.00546894953716073 	0 	0 	0 	0 	0 	0 	0.026176637925017 	-0.0261707149829722 	6.72841549976063e-18 	-0.0207075123142744 	-1.07947830548562e-17 	-0.00546912561074265
0.94480789702572 	0.0904289509406176 	0.0719778915416537 	0.103840574746712 	0.491275917741198 	-0.0708929178406359 	1.10369694499989e-17 	0.576744035231814 	-0.0891979505300608 	0.00391068797574984 	0.0252905115318743 	-0.0253163109549655 	1.19554768009904e-16 	-0.0202812210300976 	7.64275439481984e-17 	-0.0050092905017767 	0 	0 	0 	0 	0 	0 	0.0252893687518413 	-0.0253864814358005 	1.199147146574e-16 	-0.0202800113999798 	7.63706945999863e-17 	-0.00500935735186156
0.987241236460761 	0.0888019305010347 	0.0692745124242686 	0.102639575281457 	0.522024442618517 	-0.0708216285685572 	-3.3242219533157e-22 	0.601473063758374 	-0.0884213394663876 	0.00432432985564982 	0.0236444873153584 	-0.0244279739063339 	-4.95598122359273e-18 	-0.0194088108036258 	4.3936886165276e-18 	-0.00423567651173261 	0 	0 	0 	0 	0 	0 	0.0236455011888953 	-0.0244983151649856 	-4.95599328380772e-18 	-0.0194100457646436 	4.40599451026713e-18 	-0.00423545542425172
1.0312290333827 	0.086781097087326 	0.0662854698808507 	0.102968552179681 	0.553923949568496 	-0.0702060311198897 	5.10294200567621e-22 	0.626168411122435 	-0.0872233635469415 	0.00441873336805992 	0.0247374794449475 	-0.023733880758132 	7.71462307179909e-21 	-0.0203652720115114 	-3.96977658035233e-21 	-0.00437220743343604 	0 	0 	0 	0 	0 	0 	0.0247399670632869 	-0.0238038444695565 	7.7355986694215e-21 	-0.0203678803938127 	-3.97298369233397e-21 	-0.00437208666947422
1.07682823212141 	0.0843542937371011 	0.0629386316611507 	0.104477523550637 	0.586637583761774 	-0.0695249259002557 	1.93620931216917e-22 	0.65049695646496 	-0.0856392369252413 	0.00418421248155966 	0.0276201296736868 	-0.0229891796288459 	1.94530983235012e-21 	-0.0224605798032068 	2.08056428236113e-21 	-0.00515954987047999 	0 	0 	0 	0 	0 	0 	0.0276234696661971 	-0.0230582160301922 	1.95209744643151e-21 	-0.0224638268795766 	2.07974751435315e-21 	-0.00515964278662053
1.12409786304433 	0.0814582570721385 	0.0592751365247752 	0.105634883351709 	0.620016366365793 	-0.0686484462909034 	6.16118140449249e-22 	0.673972612064464 	-0.0836656816754967 	0.00392175999955115 	0.0296351961504494 	-0.0219229738185917 	7.50237573047931e-21 	-0.0239946706300776 	5.00139334954964e-21 	-0.00564052552037179 	0 	0 	0 	0 	0 	0 	0.0296395883287841 	-0.0219906712845624 	7.52774198557499e-21 	-0.0239989875111054 	4.99888400745796e-21 	-0.00564060081767866
1.17309911897413 	0.0780652127403361 	0.0555267509973925 	0.105785710471416 	0.653859725404835 	-0.0673488654585368 	3.91893755526368e-23 	0.69638833628105 	-0.0812852401487585 	0.00363923994917755 	0.0303024010249862 	-0.0204953881696744 	-1.78400126728476e-21 	-0.0245880235345003 	1.02055312664558e-20 	-0.00571437749048592 	0 	0 	0 	0 	0 	0 	0.0303080718250937 	-0.0205610218596939 	-1.78407355308513e-21 	-0.0245936821001309 	1.02065573954996e-20 	-0.00571438972496283
1.22389543440576 	0.0742181937595678 	0.0517384939067526 	0.105043015728507 	0.687563762492435 	-0.06565245429978 	-7.65099097951698e-22 	0.717374022665489 	-0.078576493565485 	0.00290756457201761 	0.0299358012511038 	-0.0188766942519515 	-1.37636259147214e-20 	-0.0243470532176468 	2.12519670153058e-20 	-0.00558874803345703 	0 	0 	0 	0 	0 	0 	0.0299425931435368 	-0.018939433922621 	-1.37976470355626e-20 	-0.0243538633019621 	2.12555556611631e-20 	-0.00558872984157478
1.2765525676255 	0.0700464978424621 	0.0480299718578624 	0.103704978932019 	0.720714496519095 	-0.0635964552391204 	3.00596595053148e-23 	0.736511309718693 	-0.0756601049056757 	0.00206853416809186 	0.0286245833394781 	-0.0173264620292089 	-7.27730437521179e-22 	-0.0233732935555464 	9.66052593616029e-21 	-0.00525128978393167 	0 	0 	0 	0 	0 	0 	0.0286320583484198 	-0.0173858316296689 	-7.27166599952354e-22 	-0.023380841196021 	9.65986279920756e-21 	-0.00525121715239874
1.33113868583821 	0.0657121486605706 	0.0445054986615927 	0.102008952832167 	0.753162319589525 	-0.0613174484307088 	0 	0.753921455975425 	-0.072574291427861 	0.00178596864339899 	0.0267345307264285 	-0.0160062876123927 	-1.44415387222195e-22 	-0.0218841208986779 	1.46256981881406e-22 	-0.00485040982775055 	0 	0 	0 	0 	0 	0 	0.026741971380388 	-0.0160619549975469 	-1.44415428306502e-22 	-0.0218916564986015 	1.46563928719942e-22 	-0.00485031488178652
1.3877244534131 	0.061318689885991 	0.0410966338526254 	0.0995324294605245 	0.784647684161456 	-0.0591061467861514 	-3.5152085872538e-22 	0.769736975473831 	-0.0693060517364381 	0.00172310009785571 	0.0235365631892658 	-0.0149990371055189 	-4.4191889449903e-21 	-0.0192427852319327 	-1.23820945722474e-20 	-0.00429377795733317 	0 	0 	0 	0 	0 	0 	0.0235431038837786 	-0.015050249526835 	-4.43812298792573e-21 	-0.0192491975687074 	-1.2379825360984e-20 	-0.00429390631507123
1.44638312336215 	0.0569603837254255 	0.0378535806190334 	0.0948177918827657 	0.814595965874084 	-0.0575085894006768 	-1.08810258046159e-21 	0.784242498156026 	-0.065932274281059 	0.00163669168567609 	0.0178612527357995 	-0.0136595418078202 	-1.59389954259041e-20 	-0.0147663076411792 	-1.9570294937336e-20 	-0.00309494509462032 	0 	0 	0 	0 	0 	0 	0.0178669997250412 	-0.0137045821683766 	-1.5997939237994e-20 	-0.0147718170678582 	-1.95665738388111e-20 	-0.00309518265718298
1.50719063216969 	0.0528032624510677 	0.034985913473286 	0.0882102472268925 	0.840836783173501 	-0.0557736307394674 	2.33916395401902e-22 	0.798022456668351 	-0.0625745523248649 	0.00126116424822366 	0.00884410041960351 	-0.0122195337966475 	7.32207369719763e-21 	-0.00769681118036021 	-7.69745332653451e-21 	-0.0011472892392433 	0 	0 	0 	0 	0 	0 	0.00885069070353797 	-0.0122569868750624 	7.33641878059189e-21 	-0.00770357427032911 	-7.70035283640189e-21 	-0.00114711643320886
1.57022569809586 	0.0490952474995596 	0.0325713718275646 	0.0835481487779667 	0.862579683282931 	-0.0529190434097281 	1.70525717156659e-21 	0.811515453153996 	-0.0593034412095873 	0.00055168947916508 	0.00316806443516252 	-0.0109340762727097 	3.4058168392521e-20 	-0.00315457604051094 	-1.40524543435949e-21 	-1.34883946515851e-05 	0 	0 	0 	0 	0 	0 	0.00317573389949722 	-0.0109650161427746 	3.41546141367773e-20 	-0.00316253773472404 	-1.41196117503883e-21 	-1.31961647731862e-05
1.63556992308116 	0.0459308663157953 	0.0304424362243488 	0.0825264511228873 	0.881760275069883 	-0.0501659210410337 	1.22231731467896e-21 	0.824225495591706 	-0.0561414944059759 	-8.74096146059776e-05 	0.00288254163418677 	-0.009678625510827 	2.53714012337372e-20 	-0.00282918556539905 	-1.73974772293124e-21 	-5.33560687877207e-05 	0 	0 	0 	0 	0 	0 	0.00289012930821245 	-0.00970528714683353 	2.54413156738488e-20 	-0.00283670225232483 	-1.74400006236564e-21 	-5.34270558876123e-05
1.70330789838417 	0.0431896406891394 	0.0284463546979326 	0.0826312152971931 	0.899241405732384 	-0.0476859105082106 	2.12444877232342e-21 	0.835812573139081 	-0.0530374055022464 	-0.000533280403873596 	0.00281378937375388 	-0.00876817610408558 	4.58732538317663e-20 	-0.00276297485579829 	-2.53237580638447e-21 	-5.08145179555951e-05 	0 	0 	0 	0 	0 	0 	0.0028211547452793 	-0.00879158648476515 	4.59944338381597e-20 	-0.00277023334948055 	-2.5387239074957e-21 	-5.09213957987504e-05
1.77352731408897 	0.0407591094179931 	0.0266082873202677 	0.0824239735852045 	0.915058864413136 	-0.0449334500577951 	1.18834603885811e-21 	0.846581183601158 	-0.0499419801152662 	-0.000830371602924575 	0.00280360489320981 	-0.00794925024205152 	2.5845881098208e-20 	-0.00280260726682553 	-6.30180339145567e-22 	-9.97626384276776e-07 	0 	0 	0 	0 	0 	0 	0.00281076198392258 	-0.00796977912668313 	2.59143897429054e-20 	-0.00280978018264427 	-6.31715372489805e-22 	-9.81801278310365e-07
1.84631907262422 	0.0385607962425504 	0.0249545185330715 	0.0821698185747762 	0.929452377774454 	-0.0422468314385972 	-1.08248490829981e-21 	0.856924330689232 	-0.0468545188873616 	-0.0010696684795089 	0.00272381394389157 	-0.00722198516806206 	-2.67052974755457e-20 	-0.00271998155429466 	2.09455351583449e-21 	-3.83238959690771e-06 	0 	0 	0 	0 	0 	0 	0.00273062340934574 	-0.00724017429600837 	-2.67723129175077e-20 	-0.00272679247321446 	2.09991989930338e-21 	-3.83093613127536e-06
1.92177740644075 	0.0365025245743781 	0.0234529708783865 	0.0818799173524043 	0.942744604662635 	-0.0395890515909727 	-2.55919239332435e-21 	0.86738424748192 	-0.0437869955013938 	-0.00140370966267617 	0.00262996344119922 	-0.00657093527310556 	-6.85560096624924e-20 	-0.00262823045501454 	2.8614891917323e-21 	-1.73298618467692e-06 	0 	0 	0 	0 	0 	0 	0.00263649737056259 	-0.00658730318994657 	-6.87262712771581e-20 	-0.0026347637221431 	2.86866178024664e-21 	-1.7336484194859e-06
2 	0.0347235200089317 	0.0222398016231949 	0.0815785117534916 	0.953791502255466 	-0.0372470378832524 	-1.90379404805769e-21 	0.876688345229101 	-0.0410855689278619 	-0.001844922120044 	0.00254808737438728 	-0.00602208654722923 	-5.10207280936055e-20 	-0.0025472473578709 	1.11415748975035e-21 	-8.40016516383424e-07 	0 	0 	0 	0 	0 	0 	0.00255444216102609 	-0.00603711983194453 	-5.11473609660073e-20 	-0.0025536013505755 	1.11693211522934e-21 	-8.40810450591727e-07
2.04048019216691 	0.0334864435660906 	0.0214741277820007 	0.0813716965933865 	0.961083370751967 	-0.0356155154368943 	0 	0.88301981153308 	-0.0391846042943067 	-0.00217618015420011 	0.00249203139017035 	-0.0056519873662654 	2.57361862583673e-25 	-0.00249212311561738 	-6.1957267281745e-22 	9.17254470237122e-08 	0 	0 	0 	0 	0 	0 	0.00249830048796364 	-0.00566621401790937 	2.57361889429754e-25 	-0.00249839313712089 	-6.21122377925937e-22 	9.26491572436059e-08
2.07952987991697 	0.0325036973679761 	0.020891041489729 	0.0811901519417862 	0.96664664547091 	-0.0343233965770614 	0 	0.888022255185192 	-0.037668114360818 	-0.00244062310599394 	0.00244672133093439 	-0.00537096106606243 	0 	-0.0024469537716809 	0 	2.32440746514538e-07 	0 	0 	0 	0 	0 	0 	0.00245294080032885 	-0.00538462063691038 	0 	-0.00245317449925063 	0 	2.33698921780167e-07
2.11719961495896 	0.0315552286894149 	0.0203083734545802 	0.081011562116576 	0.971798393295074 	-0.0330863777650025 	0 	0.892774276121755 	-0.0362273400034865 	-0.0025616046091172 	0.0024007146832806 	-0.00509607625168889 	0 	-0.00240053020941551 	0 	-1.84473865087451e-07 	0 	0 	0 	0 	0 	0 	0.00240689951947533 	-0.00510920867922219 	0 	-0.00240671509718973 	0 	-1.84422285604411e-07
2.15353816258619 	0.0306370607643336 	0.0197465704073929 	0.080836025544595 	0.976576615654854 	-0.0318982707072363 	0 	0.897294240247418 	-0.034866761356713 	-0.0025358008278697 	0.00235459256424958 	-0.00482783087555472 	0 	-0.00235441728755538 	0 	-1.7527669420225e-07 	0 	0 	0 	0 	0 	0 	0.00236075693031554 	-0.00484047107919922 	0 	-0.00236058161231022 	0 	-1.75318005322656e-07
2.1885925648055 	0.0297465181173548 	0.0192337973662722 	0.0806631606701323 	0.981012488051461 	-0.0307548238046347 	0 	0.901578706404133 	-0.0335654562181843 	-0.00248422562123188 	0.0023077189881777 	-0.00456433860328251 	0 	-0.00230754344021186 	0 	-1.75547965839361e-07 	0 	0 	0 	0 	0 	0 	0.00231387333779747 	-0.00457651176920711 	0 	-0.00231369777020394 	0 	-1.75567593523162e-07
2.22240820123539 	0.0288817583463761 	0.0187523312656676 	0.0804929796788249 	0.985131907093881 	-0.0296527879412138 	0 	0.905559507274798 	-0.0323138452248117 	-0.00242206797777097 	0.00225910185435736 	-0.00430479352070033 	0 	-0.00225898633349463 	0 	-1.15520862723439e-07 	0 	0 	0 	0 	0 	0 	0.00226525446411708 	-0.00431651709523277 	0 	-0.00226513892645388 	0 	-1.15537663196476e-07
2.25502884785218 	0.0280414706544712 	0.0182847382726693 	0.0803256003685843 	0.988956660416486 	-0.0285893413627409 	0 	0.909307887503184 	-0.0311031921079959 	-0.00234548599287553 	0.00220853544554285 	-0.00404853752857099 	0 	-0.00220849518711675 	0 	-4.02584260958163e-08 	0 	0 	0 	0 	0 	0 	0.00221469304637378 	-0.00405982290527106 	0 	-0.00221465281011462 	0 	-4.02362591558527e-08
2.28649673366009 	0.0272246761344181 	0.01782956587694 	0.0801612519553431 	0.992505428622736 	-0.0275621408362099 	0 	0.912908955013997 	-0.0299305972953268 	-0.00225437843548528 	0.00215608995037239 	-0.00379515857970026 	0 	-0.0021560759031927 	0 	-1.40471796896075e-08 	0 	0 	0 	0 	0 	0 	0.00216225797183492 	-0.00380601229583508 	0 	-0.00216224395369619 	0 	-1.40181387307104e-08
2.31685259535872 	0.0264305978492429 	0.0173977175965119 	0.0800000270301023 	0.995794354271078 	-0.0265691810854102 	0 	0.916315767799682 	-0.0288033007565419 	-0.00215004191886197 	0.00210163447934806 	-0.00354455857210523 	0 	-0.0021016233172011 	0 	-1.1162146956536e-08 	0 	0 	0 	0 	0 	0 	0.00210781734863211 	-0.00355498281385575 	0 	-0.00210780620828684 	0 	-1.11403452740652e-08
2.34613573007873 	0.0256585798053971 	0.0170087224818485 	0.0798419234593648 	0.998837407781546 	-0.0256086982708162 	0 	0.919519816095675 	-0.0277236884029664 	-0.0020451309795709 	0.00204511460620338 	-0.00329676866298807 	0 	-0.00204510113684764 	0 	-1.34693557418976e-08 	0 	0 	0 	0 	0 	0 	0.00205131593525063 	-0.00330676156504579 	0 	-0.00205130248385386 	0 	-1.34513967788129e-08
2.3743840462538 	0.0249080366445513 	0.0166640833089703 	0.0796869552952255 	1.00164670590783 	-0.0246791504305353 	0 	0.922555003683392 	-0.0266874328615006 	-0.00200323046406149 	0.00198655746089304 	-0.00305191377922072 	0 	-0.00198654548909891 	0 	-1.19717941293977e-08 	0 	0 	0 	0 	0 	0 	0.00199278018822132 	-0.00306146967651503 	0 	-0.00199276823158405 	0 	-1.1956637265083e-08
2.40163411269502 	0.0241784232138071 	0.016340726320852 	0.0795351735068642 	1.00423277383255 	-0.0237791643716483 	0 	0.925317798349654 	-0.0256899709552424 	-0.00203010266311812 	0.00192607800856015 	-0.00281017724861125 	0 	-0.0019260700934417 	0 	-7.91511844598908e-09 	0 	0 	0 	0 	0 	0 	0.00193232453927147 	-0.00281928685312409 	0 	-0.00193231663626514 	0 	-7.90300633686385e-09
2.42792120593089 	0.0234692169086683 	0.0160255595982139 	0.079386633913085 	1.00660476115076 	-0.0229075103508644 	0 	0.927808746553393 	-0.0247283411931281 	-0.00206831523514809 	0.00186388811708044 	-0.00257173273039321 	0 	-0.00186386762223159 	0 	-2.04948488527902e-08 	0 	0 	0 	0 	0 	0 	0.00187016043179936 	-0.00258038310180231 	0 	-0.0018701399315877 	0 	-2.05002116670922e-08
2.45327935587456 	0.0227799083011136 	0.0157228998423278 	0.0792413449979312 	1.0087705432239 	-0.0220630749480799 	0 	0.930025305582119 	-0.0238005647303034 	-0.00211841152080848 	0.00180012629609371 	-0.00233683009271956 	0 	-0.00180009438478809 	0 	-3.19113056282655e-08 	0 	0 	0 	0 	0 	0 	0.00180642607206815 	-0.00234500433312308 	0 	-0.00180639413580732 	0 	-3.1936260831883e-08
2.47774138987717 	0.0221099981557788 	0.0154364292018025 	0.0790993118918819 	1.01073676259839 	-0.0212448175533446 	0 	0.931989045958168 	-0.0229052905500832 	-0.00215484566818028 	0.00173494858530213 	-0.00210571282841457 	0 	-0.001734918763231 	0 	-2.98220711368854e-08 	0 	0 	0 	0 	0 	0 	0.00174127731056932 	-0.00211338975921135 	0 	-0.001741247463412 	0 	-2.984715731469e-08
2.50133897522445 	0.0214589980556965 	0.0151647784256828 	0.0789606037611119 	1.01250891805726 	-0.020451761604553 	0 	0.933679208819114 	-0.0220420570976627 	-0.00216689626980194 	0.00166862707885655 	-0.00187858974645374 	0 	-0.00166860884950418 	0 	-1.82293523681259e-08 	0 	0 	0 	0 	0 	0 	0.00167498610858525 	-0.00188574367572819 	0 	-0.00167496786447145 	0 	-1.82441137931278e-08
2.52410266013155 	0.0208264326339973 	0.0149062356802273 	0.0788253212286925 	1.01409145815898 	-0.01968299315737 	0 	0.935079485267529 	-0.0212097719010024 	-0.00208657178774892 	0.0016014844424355 	-0.00165563526340378 	0 	-0.00160147808429198 	0 	-6.35814351748484e-09 	0 	0 	0 	0 	0 	0 	0.00160787503498816 	-0.00166223565277952 	0 	-0.00160786866540173 	0 	-6.36958643657835e-09
2.54606191328919 	0.020211842852158 	0.0146673254155475 	0.078693534109226 	1.01548781853614 	-0.0189376480079669 	0 	0.936166823379832 	-0.0204040983720625 	-0.00194575667532504 	0.00153381624644953 	-0.00143699337715249 	0 	-0.00153381048088023 	0 	-5.76556929188288e-09 	0 	0 	0 	0 	0 	0 	0.00154023964125137 	-0.00144300420153163 	0 	-0.00154023386274958 	0 	-5.77850178991168e-09
2.56724516201227 	0.0196147903986776 	0.0144520552663432 	0.0785652838054075 	1.01670037781099 	-0.0182148896535126 	0 	0.936913918619128 	-0.0196224099993667 	-0.00183461483173664 	0.00146585293943472 	-0.00122283740662847 	0 	-0.00146584877847152 	0 	-4.16096320459376e-09 	0 	0 	0 	0 	0 	0 	0.00147231042676084 	-0.00122821630454351 	0 	-0.00147230625895038 	0 	-4.16781046048209e-09
2.58767982904046 	0.0190348632487767 	0.014251609731434 	0.0784406206116534 	1.0177304247179 	-0.0175139069255349 	0 	0.937403064465586 	-0.0188663276671308 	-0.00171985873623082 	0.00139786909119686 	-0.00101326845517391 	0 	-0.00139786722722458 	0 	-1.86397228181081e-09 	0 	0 	0 	0 	0 	0 	0.00140436204910972 	-0.00101796586390588 	0 	-0.0014043601870072 	0 	-1.86210251982183e-09
2.60739236803822 	0.0184716813432717 	0.0140610400681123 	0.0783196035014911 	1.01857814511468 	-0.0168339151054178 	0 	0.937653815875579 	-0.0181376667369096 	-0.00157879771984593 	0.00133012967799201 	-0.000808368198136491 	0 	-0.00133012797486287 	0 	-1.70312914060945e-09 	0 	0 	0 	0 	0 	0 	0.00133665962460622 	-0.000812326338340817 	0 	-0.00133665792777893 	0 	-1.69682729115477e-09
2.62640829784037 	0.0179249026663374 	0.0138815254689516 	0.0782022862160185 	1.01924256542161 	-0.0161741447223143 	0 	0.937653040989893 	-0.0174372222248705 	-0.00140973377256085 	0.00126288634939993 	-0.000608194874417678 	0 	-0.00126288428082973 	0 	-2.0685701949903e-09 	0 	0 	0 	0 	0 	0 	0.00126945498997438 	-0.000611346485365261 	0 	-0.00126945292965596 	0 	-2.06031842327087e-09
2.64475223548742 	0.0173942298262333 	0.0137091492960891 	0.0780887181320044 	1.01972148130688 	-0.0155338403460008 	0 	0.937381594523687 	-0.0167664938795448 	-0.0012101042162995 	0.00119637905956378 	-0.000412777182416606 	0 	-0.00119637628919507 	0 	-2.77036871610576e-09 	0 	0 	0 	0 	0 	0 	0.00120298831199173 	-0.000415044033904071 	0 	-0.00120298554899897 	0 	-2.76299275593952e-09
2.66244792809357 	0.0168794171872742 	0.013542573831901 	0.0779789457324463 	1.02001136921678 	-0.0149122600337263 	0 	0.936858798587461 	-0.0161229940396447 	-0.000974423413481638 	0.00113082937279068 	-0.000222125914835647 	0 	-0.00113082571474628 	0 	-3.65804439759324e-09 	0 	0 	0 	0 	0 	0 	0.00113748138618564 	-0.000223417046521763 	0 	-0.00113747773137475 	0 	-3.65481088683576e-09
2.67951828358848 	0.0163802787554221 	0.0133837329503008 	0.0778730128053012 	1.02010727628542 	-0.0143086750129469 	0 	0.936099065117042 	-0.0155010123364728 	-0.000741232712169845 	0.00106644100720793 	-3.62365468734362e-05 	0 	-0.00106643628626115 	0 	-4.72094678092721e-09 	0 	0 	0 	0 	0 	0 	0.00107313816314401 	-3.64461953022039e-05 	0 	-0.00107313343792287 	0 	-4.7252211414489e-09
2.69598540037265 	0.0158966970315045 	0.0132339324494591 	0.0777709591373719 	1.02000269195877 	-0.0137223721919911 	0 	0.935107196068508 	-0.0148957861611757 	-0.000507559583618701 	0.00100339546779866 	0.000144900153175802 	0 	-0.0010033887625688 	0 	-6.70522986099893e-09 	0 	0 	0 	0 	0 	0 	0.00101014035590615 	0.000145894970730028 	0 	-0.0010101336304746 	0 	-6.72543155722587e-09
2.71187059592494 	0.0154286331205949 	0.013098540969063 	0.0776728166656959 	1.01968940162664 	-0.0131526597260252 	0 	0.933894365272537 	-0.0143063961593898 	-0.000257836289511603 	0.000941850385258129 	0.000321286301303638 	0 	-0.000941839161518219 	0 	-1.12237399099689e-08 	0 	0 	0 	0 	0 	0 	0.000948645757568728 	0.000323628575603383 	0 	-0.000948634476995656 	0 	-1.12805730718829e-08
2.72719443439902 	0.0149761384374314 	0.0129777807789775 	0.0775786163628581 	1.01915732558657 	-0.0125988725178952 	0 	0.932461036887392 	-0.0137334347325847 	6.24803917434359e-06 	0.000881947083094158 	0.000492904087929369 	0 	-0.00088193375104119 	0 	-1.33320529677018e-08 	0 	0 	0 	0 	0 	0 	0.000888795854058857 	0.000496760024792462 	0 	-0.000888782440882273 	0 	-1.3413176584157e-08
2.74197675324468 	0.0145393684315147 	0.0128687097867822 	0.0774884327041014 	1.01839433960039 	-0.0120603526362553 	0 	0.930790251563951 	-0.0131758875636196 	0.000255224910862456 	0.000823836058975547 	0.000659697555858025 	0 	-0.000823847964027922 	0 	1.19050523752031e-08 	0 	0 	0 	0 	0 	0 	0.00083074147538692 	0.000665260276582508 	0 	-0.000830753505689058 	0 	1.20303021382537e-08
2.75623668888838 	0.014118598643812 	0.0127711675184199 	0.0774023741329528 	1.01738607663179 	-0.0115363886327407 	0 	0.928853104231142 	-0.0126318897501726 	0.000500125393922031 	0.000767630381656723 	0.000821569667489552 	0 	-0.000767679592320071 	0 	4.92106633472088e-08 	0 	0 	0 	0 	0 	0 	0.000774595819356909 	0.000829063463257387 	0 	-0.000774645496390116 	0 	4.96770332070385e-08
2.76999270150626 	0.013714243749204 	0.0126818628053123 	0.0773200585748863 	1.01611571325688 	-0.0110264034689299 	0 	0.92659829625656 	-0.0121007713054375 	0.00077718195440485 	0.000713177143650551 	0.000978349772019602 	0 	-0.000712967281853543 	0 	-2.09861797008227e-07 	0 	0 	0 	0 	0 	0 	0.000720203534858002 	0.000988034648265187 	0 	-0.000719991514361262 	0 	-2.12020496740132e-07
2.78326259892174 	0.013326880727173 	0.0125983416721575 	0.0772399356313739 	1.0145637710257 	-0.0105309597723353 	0 	0.924003946966383 	-0.0115813823558731 	0.00108627362549452 	0.000660284116643198 	0.00112967566629203 	0 	-0.000659103930391633 	0 	-1.18018625156454e-06 	0 	0 	0 	0 	0 	0 	0.000667368866016316 	0.00114185124868713 	0 	-0.000666175743044221 	0 	-1.19312297209487e-06
2.79606355965862 	0.0129572735710679 	0.0125217945038268 	0.0771642248229892 	1.01270798196302 	-0.0100513527379401 	0 	0.921109486576823 	-0.0110725753511561 	0.00141376968302411 	0.000613807855855649 	0.00127523801770403 	0 	-0.000615475559564694 	0 	1.66770370904464e-06 	0 	0 	0 	0 	0 	0 	0.000621005209727197 	0.00129025048869301 	0 	-0.000622694323120694 	0 	1.6891133934969e-06
2.80841215517947 	0.012606363854829 	0.0124545863271159 	0.0771162027838369 	1.01052239826009 	-0.00956694108738011 	0 	0.917896210499988 	-0.0105732622761214 	0.00173110776546326 	0.000568571532086252 	0.0014327262549403 	0 	-0.000571193143413296 	0 	2.62161132704318e-06 	0 	0 	0 	0 	0 	0 	0.000575874539121087 	0.00145121690020546 	0 	-0.000578528219386565 	0 	2.653680265478e-06
2.82032437133825 	0.0122751077027978 	0.0123987306447978 	0.07708376641819 	1.0079218831509 	-0.0091041153537698 	0 	0.914308423503748 	-0.0100801370910199 	0.0020131281999897 	0.00065783753219566 	0.0015496171977344 	0 	-0.000580268642631821 	0 	-7.75688895638388e-05 	0 	0 	0 	0 	0 	0 	0.000665094353550944 	0.00157242179577164 	0 	-0.0005874715061039 	0 	-7.76228474470439e-05
2.8318156290747 	0.0119631447358314 	0.0123561559167025 	0.0770074836806523 	1.00484003456637 	-0.0086796196973923 	0 	0.910350750722913 	-0.00959136353870201 	0.00226068866294704 	0.000612587681187552 	0.00169388177474608 	0 	-0.00053640017076866 	0 	-7.61875104188919e-05 	0 	0 	0 	0 	0 	0 	0.000619894406019049 	0.00172125977828988 	0 	-0.000543675501390908 	0 	-7.62189046281405e-05
2.84290080437757 	0.0116717873887848 	0.0123307812366742 	0.0769053294326955 	1.00134154213317 	-0.00823870174343063 	0 	0.90601422148017 	-0.00910940166026693 	0.00246046045856085 	0.000438112378017797 	0.00185812185461945 	0 	-0.000441091528742243 	0 	2.97915072444612e-06 	0 	0 	0 	0 	0 	0 	0.000445661057247851 	0.00189024206009463 	0 	-0.000448691715070232 	0 	3.03065782238056e-06
2.85359424754223 	0.0114042492314696 	0.0123254026337715 	0.0768345577142587 	0.997402521543911 	-0.0077971815911025 	0 	0.901233097251675 	-0.00863223595342061 	0.00262065271061243 	0.00040462741627958 	0.00197255835944701 	0 	-0.000405468196904225 	0 	8.40780624645105e-07 	0 	0 	0 	0 	0 	0 	0.000412357079617583 	0.00201039959351451 	0 	-0.000413211669434878 	0 	8.54589817294545e-07
2.86390980174789 	0.0111625337617487 	0.0123402295021948 	0.0767875249849776 	0.99290353186547 	-0.00737499751694063 	0 	0.89598438100136 	-0.00815748497805789 	0.0027727926649165 	0.000371132066319964 	0.00209968915126303 	0 	-0.000370248825531816 	0 	-8.83240788148681e-07 	0 	0 	0 	0 	0 	0 	0.000379020032733358 	0.00214449492642278 	0 	-0.000378119102380263 	0 	-9.00930353095532e-07
2.87386082097819 	0.0109484203857573 	0.0123751191194465 	0.0767428792710927 	0.987772300027086 	-0.00695437427272713 	0 	0.890210961657228 	-0.00768561682147503 	0.00290476886557772 	0.000340967449231047 	0.00222503824392054 	0 	-0.000340861244188105 	0 	-1.06205042941596e-07 	0 	0 	0 	0 	0 	0 	0.000349046574945609 	0.00227798330792156 	0 	-0.000348938666114402 	0 	-1.07908831206053e-07
2.88346018730867 	0.010763605842981 	0.0124309936287068 	0.0766998476992041 	0.981933096736587 	-0.00653874168428438 	0 	0.883780813698762 	-0.00721332294199385 	0.003039172845055 	0.000311718707106507 	0.00234679930163088 	0 	-0.000311753680999657 	0 	3.49738931499205e-08 	0 	0 	0 	0 	0 	0 	0.000319971753288662 	0.0024092026612592 	0 	-0.000320008386716335 	0 	3.66334276735818e-08
2.89272032758315 	0.0106096229285473 	0.0125092744054667 	0.0766597286488667 	0.97530526052495 	-0.00612956502048122 	0 	0.876709558145989 	-0.00674298821856479 	0.0031773036302645 	0.00028419523047901 	0.00246397716099199 	0 	-0.000284197708300535 	0 	2.47782152521219e-09 	0 	0 	0 	0 	0 	0 	0.000292618861497301 	0.00253732617093491 	0 	-0.00029262222294528 	0 	3.36144797919998e-09
2.90165322950093 	0.0104876502044925 	0.0126100778210404 	0.0766226926653154 	0.967802620337113 	-0.00572678407475849 	0 	0.868983918009478 	-0.00627749018303228 	0.00329031852289239 	0.000258726758234063 	0.00257596119733102 	0 	-0.000258705099773219 	0 	-2.16584608439389e-08 	0 	0 	0 	0 	0 	0 	0.000267323380762371 	0.00266192878543519 	0 	-0.000267302120545117 	0 	-2.12602172537888e-08
2.91027045713544 	0.0103982503820672 	0.0127294697751476 	0.0765885355717566 	0.959333893310208 	-0.00533030418416147 	0 	0.8605207617598 	-0.00581601694110861 	0.00338692387799597 	0.000235263247559204 	0.00268220438312868 	0 	-0.000235227811740058 	0 	-3.54358191461867e-08 	0 	0 	0 	0 	0 	0 	0.000244033057350154 	0.00278265767685549 	0 	-0.000243997788295429 	0 	-3.52690547250544e-08
2.9185831659045 	0.0103410620103713 	0.012863447928114 	0.0765570331793912 	0.949803754063194 	-0.00494026526212569 	0 	0.851268949262872 	-0.00535917502889142 	0.00346796909823295 	0.000213537561350286 	0.00278207950909866 	0 	-0.000213510608713939 	0 	-2.69526363472282e-08 	0 	0 	0 	0 	0 	0 	0.00022247592980416 	0.00289908314255426 	0 	-0.000222449190054013 	0 	-2.67397501473083e-08
2.92660211701151 	0.0103144805077449 	0.0130095873547878 	0.0765280364664834 	0.939114085320706 	-0.0045569709386351 	0 	0.841134506562305 	-0.00490649006123691 	0.00353098993303094 	0.0001933950916098 	0.00287480601154449 	0 	-0.000193373140159526 	0 	-2.19514502735664e-08 	0 	0 	0 	0 	0 	0 	0.000202490623683268 	0.00301062533612082 	0 	-0.000202468995224719 	0 	-2.16284585495389e-08
2.93433769137638 	0.0103153716526616 	0.013162759371694 	0.0765014083589377 	0.927164881029454 	-0.0041810938060572 	0 	0.830069440054646 	-0.00445936211703004 	0.00358929481884707 	0.000174797362198464 	0.00295945891871877 	0 	-0.000174749787117322 	0 	-4.75750811417683e-08 	0 	0 	0 	0 	0 	0 	0.000184031220837793 	0.00311657022051702 	0 	-0.000183983784782403 	0 	-4.74360553902993e-08
2.94179990307414 	0.0103388745046588 	0.0133163754050144 	0.07647694523233 	0.913854206704841 	-0.00381348162304706 	0 	0.81807341877859 	-0.00402284778205501 	0.0036266196214067 	0.000157444944273973 	0.00303503863389879 	0 	-0.000157393367140784 	0 	-5.15771331896293e-08 	0 	0 	0 	0 	0 	0 	0.000166792453660406 	0.00321615745584506 	0 	-0.000166740991523911 	0 	-5.14621364951227e-08
2.94899841229863 	0.0103783533029039 	0.0134659314378334 	0.0764544414725298 	0.899076331189096 	-0.00345501394946801 	0 	0.80508576288992 	-0.00359992566489556 	0.00364431062100569 	0.000141263249127087 	0.00310049841260633 	0 	-0.00014120732155349 	0 	-5.59275735966097e-08 	0 	0 	0 	0 	0 	0 	0.000150695035579573 	0.0033086413417394 	0 	-0.000150639107600501 	0 	-5.59279790720186e-08
2.95594253786806 	0.0104254920902208 	0.0136086279910596 	0.0764336846802618 	0.88271721827133 	-0.00310671545259658 	0 	0.790925019740375 	-0.00318988928517251 	0.00362367592834854 	0.000126157696822178 	0.00315479434652879 	0 	-0.000126082008169024 	0 	-7.56886531544033e-08 	0 	0 	0 	0 	0 	0 	0.000135641529392298 	0.00339339213214352 	0 	-0.000135565056147194 	0 	-7.64732451038077e-08
2.96264126928874 	0.0104704841831179 	0.0137400832666126 	0.0764144710658156 	0.864646611544295 	-0.00276952876633198 	0 	0.775548789957727 	-0.0027946570644882 	0.00354882775230047 	0.000111962434645457 	0.00319682619292917 	0 	-0.000111874193211904 	0 	-8.82414335526728e-08 	0 	0 	0 	0 	0 	0 	0.000121465055224227 	0.00346990950561166 	0 	-0.000121375074070372 	0 	-8.9981153854948e-08
2.96910327839237 	0.0105021867162313 	0.0138533223612433 	0.0763967929821111 	0.844705928257807 	-0.00244423480317744 	0 	0.758848580328254 	-0.00242006485605136 	0.00345531462356514 	9.87515648648605e-05 	0.00322516692818521 	0 	-9.86305675123707e-05 	0 	-1.20997352489819e-07 	0 	0 	0 	0 	0 	0 	0.000108237685006502 	0.00353764992232376 	0 	-0.000108116941588566 	0 	-1.20743417935377e-07
2.97533693056215 	0.0105080996345736 	0.0139456742180722 	0.0763809898333736 	0.822691243492813 	-0.0021312690614042 	0 	0.74076093172252 	-0.00206853235977362 	0.00334411795563459 	8.6705379318947e-05 	0.0032376510567895 	0 	-8.63452178262173e-05 	0 	-3.6016149272968e-07 	0 	0 	0 	0 	0 	0 	9.61171514133896e-05 	0.00359575367029937 	0 	-9.57538391618762e-05 	0 	-3.6331225151341e-07
2.98135029556221 	0.0104741397819806 	0.014012662201743 	0.0763672185430012 	0.798329306783445 	-0.00183366750633415 	0 	0.720928328232051 	-0.00173849651289834 	0.00323109240274568 	7.67684217183731e-05 	0.00323105570694004 	0 	-7.58694778307556e-05 	0 	-8.98943887617541e-07 	0 	0 	0 	0 	0 	0 	8.60645918514599e-05 	0.00364296689642177 	0 	-8.51915110757174e-05 	0 	-8.73080775742498e-07
2.98715115798429 	0.0103841013161485 	0.0140498792598372 	0.0763560330612577 	0.771238509535296 	-0.00154605738658251 	0 	0.6991864074872 	-0.00143038860364944 	0.00314033370884728 	6.57212632543201e-05 	0.00320123486767244 	0 	-6.57145329620095e-05 	0 	-6.73029231057658e-09 	0 	0 	0 	0 	0 	0 	7.49319854000202e-05 	0.00367822990161234 	0 	-7.50953839283826e-05 	0 	1.63398528362445e-07
2.99274702732526 	0.010219412656365 	0.0140515565458771 	0.0763438848862185 	0.740863490993911 	-0.00125726649548776 	0 	0.675094545813734 	-0.00115009595233393 	0.00300321667948326 	5.04564189253664e-05 	0.00314241088718433 	0 	-4.85973958083413e-05 	0 	-1.85902311702511e-06 	0 	0 	0 	0 	0 	0 	5.88999127169099e-05 	0.00370069342296595 	0 	-5.67609139598206e-05 	0 	-2.13899875708931e-06
2.99814514770852 	0.00995885328551638 	0.0139984262611972 	0.0763050371177015 	0.70637371534751 	-0.0010829092922463 	0 	0.647953760012564 	-0.000899635027673453 	0.00285154216300981 	2.82671375265953e-05 	0.00304552257033309 	0 	-1.09793362413347e-05 	0 	-1.72878012852605e-05 	0 	0 	0 	0 	0 	0 	3.28526860447816e-05 	0.00370914618807985 	0 	-1.18354397263112e-05 	0 	-2.10172463184703e-05
3.00335250726192 	0.00958037489980451 	0.01388120706732 	0.0762500473934133 	0.666509793125902 	-0.00140085122798915 	0 	0.617009476654528 	-0.000678463077072031 	0.00268363724295463 	4.22077526214404e-05 	0.00289562637488356 	0 	-4.24435139211436e-05 	0 	2.35761299703139e-07 	0 	0 	0 	0 	0 	0 	5.20936990304077e-05 	0.00370095984313672 	0 	-5.44057915883556e-05 	0 	2.31209255794787e-06
