-1.60174080486107e-09 	1e-15 	1e-15 	-0.0359335381438778 	0 	0 	0 	0 	0 	0 	2.19669894689656e-18 	1.97937325454012e-17 	1.25458839270214e-33 	-1.85378822634197e-18 	-1.90906876144563e-32 	-3.42910720554596e-19 	0 	0 	0 	0 	0 	0 	2.01361858534271e-05 	0.000923918763293231 	1.24923949446316e-19 	-1.82982528367939e-05 	-8.94325459058989e-19 	-1.83793301663318e-06
0.00782225770437843 	0.000354499697251308 	0.0119842508831269 	-0.0359198704324976 	-0.0711134592516814 	0.00117229468890641 	2.95580292264875e-19 	-0.134404677359385 	0.00160115932515657 	-0.00108666788276548 	8.79872360443387e-06 	2.38729768772214e-05 	-2.7670580512017e-21 	-7.42956079306399e-06 	6.2724026478784e-21 	-1.36916281136987e-06 	0 	0 	0 	0 	0 	0 	3.78464223918612e-05 	0.000740734795059396 	2.11764657647913e-21 	-3.71827282304954e-05 	1.1747603930103e-19 	-6.63694161365834e-07
0.0159310692763151 	0.00204235441480009 	0.0230841100418335 	-0.0358779986390458 	-0.12081590600473 	0.00258821164815155 	-1.94988637959142e-17 	-0.210886697665745 	0.00316568931547898 	-0.00206140436367802 	8.3861616671554e-05 	0.000171976993626076 	-6.54877906816635e-20 	-6.9172067627347e-05 	-9.31471028903564e-20 	-1.4689549044207e-05 	0 	0 	0 	0 	0 	0 	0.000113499407909015 	0.000589662769366448 	-1.45031011382418e-19 	-9.79313736961391e-05 	-7.72000472538203e-20 	-1.55680342128754e-05
0.02433693036275 	0.00485781464711118 	0.0294656244048466 	-0.0358579342568693 	-0.142837897043994 	0.00359593253713429 	-5.39924716614626e-21 	-0.24230402574039 	0.00434036052190364 	-0.00254975368456362 	0.000146214350923397 	0.000296034317582882 	-6.499969276975e-20 	-0.000125672604454157 	-1.03100197095192e-19 	-2.05417464692404e-05 	0 	0 	0 	0 	0 	0 	0.000167773810872193 	0.000458795083357548 	-6.92658908372516e-20 	-0.000146636483629877 	-2.18201891302755e-19 	-2.11373272423163e-05
0.0330507227573253 	0.00753164548832454 	0.0327905412398872 	-0.0358810635654252 	-0.149192410728405 	0.00442771508190863 	-1.51600228533627e-21 	-0.254278015120002 	0.00507355840504786 	-0.00286449433298459 	0.000135490523699163 	0.000205599079505877 	2.19478701173192e-22 	-0.000130052775557135 	-2.02527530332926e-22 	-5.43774814202731e-06 	0 	0 	0 	0 	0 	0 	0.000151179123138794 	0.000249414266273508 	2.35725823534218e-22 	-0.000146022643619309 	-2.40241779138114e-22 	-5.15647951948488e-06
0.0420837268856538 	0.00976729911208287 	0.0349921225747417 	-0.0359098801843995 	-0.150182858379002 	0.00511911050409445 	1.3242246083106e-21 	-0.258021621050412 	0.00545532485027055 	-0.00311527147156572 	0.000142504863068189 	1.28927609779643e-05 	-2.08649106698458e-22 	-0.000144405699574734 	3.92594183101297e-23 	1.90083650654486e-06 	0 	0 	0 	0 	0 	0 	0.000154087309435005 	1.71176109559393e-05 	-2.03101655613089e-22 	-0.000156292063907704 	3.31160182271742e-23 	2.20475447269918e-06
0.0514476364083755 	0.0116854090777431 	0.036571606407792 	-0.035908009063527 	-0.149143016806525 	0.00560865050374936 	-5.78688305020993e-22 	-0.257025096846981 	0.00555157153648841 	-0.00325283831624653 	0.000186349980526548 	-0.000195450051787513 	2.55613733427377e-22 	-0.000181373121527385 	-1.47260135284217e-22 	-4.97685899916305e-06 	0 	0 	0 	0 	0 	0 	0.000194865498407998 	-0.000205981440468099 	2.53842717449574e-22 	-0.000189910356423515 	-1.51165641291951e-22 	-4.95514198448257e-06
0.0611545733591667 	0.0133892964608409 	0.037828712279029 	-0.0358803973019787 	-0.147123034498175 	0.00597937970766894 	2.38984269387743e-21 	-0.253361386077521 	0.00542121153219564 	-0.00327380636297455 	0.000257063189816021 	-0.000409060109037864 	-6.11165942410577e-20 	-0.000239505958255619 	3.80263076512859e-19 	-1.75572315604024e-05 	0 	0 	0 	0 	0 	0 	0.000263461497978377 	-0.000426278057447805 	-5.93048892707264e-20 	-0.000245882319848632 	3.92948016928458e-19 	-1.75791781297454e-05
0.0712171038372999 	0.0149425561489516 	0.038907238931987 	-0.0358389475512347 	-0.14452780128667 	0.00627114747314989 	-2.74639725253263e-18 	-0.248030516057234 	0.00511356720949977 	-0.00323448845920884 	0.000345616286067135 	-0.000628019860059698 	-4.02535827683594e-18 	-0.000310536276678003 	9.68825841111544e-20 	-3.50800093891311e-05 	0 	0 	0 	0 	0 	0 	0.000350387588386554 	-0.000648691963953827 	-4.13125813112603e-18 	-0.00031530489516258 	1.02201973240831e-19 	-3.50826932239739e-05
0.0816482542750659 	0.0163854025385252 	0.0398767235165063 	-0.0357876156276785 	-0.141542378598093 	0.00649400527424892 	-3.39736194489613e-19 	-0.241581254443955 	0.0046701638972626 	-0.00322231383895766 	0.000446717850811704 	-0.000853781304307914 	1.13854486322111e-18 	-0.000388855188276295 	-9.66131090108022e-19 	-5.78626625354089e-05 	0 	0 	0 	0 	0 	0 	0.000450133654008418 	-0.000876383399709473 	1.13560699025704e-18 	-0.00039227518639174 	-9.88501603732352e-19 	-5.78584676166776e-05
0.0924615283011214 	0.0177448372573371 	0.0407963091574721 	-0.0357267467634827 	-0.138261172430854 	0.00665371407791225 	2.34399112720132e-18 	-0.23439105860524 	0.00411261781910266 	-0.00331182638643616 	0.000558256330491504 	-0.00108769798120362 	4.73315697431797e-18 	-0.000473001607760973 	-1.32400828222579e-19 	-8.52547227305304e-05 	0 	0 	0 	0 	0 	0 	0.000560510920761552 	-0.00111143500643132 	4.83522250710747e-18 	-0.000475260174863903 	-1.37399887680616e-19 	-8.52507458976492e-05
0.103670924221589 	0.0190400234866283 	0.0417137888336802 	-0.0356562078766469 	-0.134734684983657 	0.00675512147805499 	7.23021877281547e-23 	-0.226715267596155 	0.00344330040111554 	-0.00350486229039462 	0.000679254824087012 	-0.00133113794469413 	-2.5213434031214e-19 	-0.000562581884780211 	5.40694475136907e-19 	-0.000116672939306801 	0 	0 	0 	0 	0 	0 	0.000680496402946571 	-0.00135557135892785 	-2.52128811974792e-19 	-0.00056382656456208 	5.50571119754909e-19 	-0.000116669838384491
0.115290953141545 	0.0202852321545246 	0.0426552808655439 	-0.035575760469587 	-0.130989881104566 	0.00680168750033388 	1.96915998976556e-21 	-0.218673537570074 	0.00266095783996738 	-0.00377664199377646 	0.00080914393912367 	-0.00158548388062706 	4.3137559694796e-21 	-0.000657338392599558 	-4.63332263191695e-22 	-0.000151805546524111 	0 	0 	0 	0 	0 	0 	0.000809486078650627 	-0.00161036508114151 	4.39087433192303e-21 	-0.00065768306598343 	-4.7145888980331e-22 	-0.000151803012667197
0.12733665775034 	0.0214915536236069 	0.0436365965507355 	-0.0354849547775694 	-0.127040017861557 	0.00679558687615852 	-3.19556971244145e-23 	-0.210314488912343 	0.00179163799379805 	-0.00416807026342723 	0.00094764505682175 	-0.00185210211879608 	-7.52376926832123e-22 	-0.000757170979454716 	4.71814051321388e-22 	-0.000190474077367034 	0 	0 	0 	0 	0 	0 	0.00094717574312474 	-0.00187729107046394 	-7.55197022444852e-22 	-0.000756703760537113 	4.80834634202483e-22 	-0.000190471982587628
0.139823631795095 	0.0226679487885165 	0.0446618693001142 	-0.0353831441151679 	-0.122889654210993 	0.00673800956597177 	-1.79983037738339e-22 	-0.201712790574039 	0.000878910765438596 	-0.00470850116113747 	0.00109471900694315 	-0.00213235730744703 	-5.07345369442125e-22 	-0.000862155627738069 	1.09562893296058e-22 	-0.000232563379205082 	0 	0 	0 	0 	0 	0 	0.00109350713643005 	-0.00215778014736673 	-5.17570600328342e-22 	-0.000860945459936648 	1.12909708300278e-22 	-0.000232561676493401
0.15276804026756 	0.0238219284821946 	0.0457419270425289 	-0.0352695325445331 	-0.11853734796061 	0.00662935679641565 	-7.72518277471401e-22 	-0.192938178888106 	-9.19774244711865e-05 	-0.00529915051685645 	0.00125050787565725 	-0.00242763580224779 	-3.17729835739386e-21 	-0.000972500077454844 	5.14155066744072e-22 	-0.00027800779820241 	0 	0 	0 	0 	0 	0 	0.00124860750323071 	-0.00245326129756274 	-3.20926480200541e-21 	-0.000970601049534793 	5.1974637277948e-22 	-0.000278006453695915
0.166186640330474 	0.0249600149368721 	0.046879243633269 	-0.0351432044472074 	-0.113977169189828 	0.00646934427678689 	-7.18739075606985e-22 	-0.183990498737818 	-0.00115795882767655 	-0.00590775605597007 	0.00141528441145916 	-0.00273936281155649 	-1.14937372357875e-21 	-0.00108849933366225 	-1.42355293130081e-22 	-0.00032678507779691 	0 	0 	0 	0 	0 	0 	0.00141273755724707 	-0.00276518861069577 	-1.17374691741485e-21 	-0.00108595348840055 	-1.47814266728305e-22 	-0.000326784068846523
0.180096803010527 	0.0260880714137493 	0.0480823922974429 	-0.0350031406912943 	-0.109199553081956 	0.00625705394349876 	1.84473465902344e-21 	-0.17483629479884 	-0.00232194337694485 	-0.00655022802237431 	0.00158941438555015 	-0.00306901873613489 	7.78751698414414e-21 	-0.00121050462052685 	-7.05752951659975e-22 	-0.000378909765023294 	0 	0 	0 	0 	0 	0 	0.00158625292828093 	-0.00309506308849191 	7.86198202339683e-21 	-0.0012073438458313 	-7.17558962272135e-22 	-0.000378909082449631
0.194516535685997 	0.0272115506236895 	0.0493457299130122 	-0.0348482281142659 	-0.104191754584764 	0.00599094974755644 	3.36649826755763e-23 	-0.16548296995903 	-0.00354194037781609 	-0.0071672142006806 	0.00177332629945402 	-0.00341815832429223 	-8.70736349049265e-22 	-0.00133889771518427 	7.24952759194389e-22 	-0.000434428584269752 	0 	0 	0 	0 	0 	0 	0.00176957324246945 	-0.00344445503305614 	-8.71628061481298e-22 	-0.0013351450110677 	7.31484471692575e-22 	-0.000434428231401759
0.209464505398164 	0.0283356932172414 	0.050652785352134 	-0.034677263302521 	-0.0989380440707088 	0.0056688643713525 	-5.76927166699889e-23 	-0.155942395834489 	-0.00483211299942821 	-0.00776027527109372 	0.00196748600872518 	-0.0037884339640799 	-4.5450673100001e-22 	-0.00147406850116209 	8.09564604745317e-23 	-0.000493417507563089 	0 	0 	0 	0 	0 	0 	0.0019631562914081 	-0.00381502935440931 	-4.5957094266489e-22 	-0.00146973879311273 	8.19641775415572e-23 	-0.00049341749829537
0.224960063016708 	0.0294656967318322 	0.0520219230535718 	-0.0344889488353002 	-0.0934197179447432 	0.00528795993059721 	-8.0871746019613e-23 	-0.146126485088231 	-0.00623798324522694 	-0.00827251757693189 	0.00217237877463128 	-0.00418162438537745 	-6.50316915240092e-22 	-0.0016163982041274 	-2.40387343069877e-23 	-0.000555980570503889 	0 	0 	0 	0 	0 	0 	0.00216747974142919 	-0.00420857560766305 	-6.51135723593691e-22 	-0.00161149881323179 	-2.19140431599638e-23 	-0.0005559809281974
0.241023268290339 	0.0306068690842557 	0.0534836590409088 	-0.0342818794315259 	-0.0876149607623727 	0.00484466429852743 	-7.98145163157168e-22 	-0.135910469971945 	-0.00768648114877027 	-0.00862778394410135 	0.00238850105725258 	-0.00459966978994766 	-3.69368174503189e-21 	-0.00176624965333781 	-5.7055813123184e-23 	-0.000622251403914762 	0 	0 	0 	0 	0 	0 	0.0023830326624985 	-0.00462704407909921 	-3.72235233536089e-21 	-0.00176078050167343 	-5.47360146344736e-23 	-0.000622252160825068
0.257674915815116 	0.0317647770800404 	0.0550748174633506 	-0.0340545135439755 	-0.0814985713405063 	0.00433458383039837 	3.02069271123785e-22 	-0.125206608956793 	-0.00911116963212139 	-0.00875313347567868 	0.00261636746629244 	-0.00504471412903031 	1.82968889815686e-21 	-0.00192397035611358 	-2.59172133041602e-22 	-0.000692397110178859 	0 	0 	0 	0 	0 	0 	0.00261032227270132 	-0.00507258881633801 	1.83888948450752e-21 	-0.00191792396600271 	-2.63388233920335e-22 	-0.00069239830669861
0.274936561954061 	0.0329453979354097 	0.0568149036193773 	-0.0338051242647894 	-0.0750415492668368 	0.00375239261479271 	9.06667002077254e-23 	-0.113972565422143 	-0.010567890525037 	-0.00860108279596156 	0.00285654067420536 	-0.00551915472978509 	9.56264878620231e-23 	-0.0020899142309677 	7.70222795427089e-22 	-0.000766626443237659 	0 	0 	0 	0 	0 	0 	0.00284990369282481 	-0.00554761791336562 	9.89426277131852e-23 	-0.00208327556606708 	7.73020406684819e-22 	-0.000766628126757726
0.292830552742907 	0.034155280630228 	0.0587109569904273 	-0.0335317228006895 	-0.06821052454782 	0.00309169848340571 	-9.16304489727605e-22 	-0.102264559061425 	-0.0121192237218099 	-0.00836543701206366 	0.00310969401629095 	-0.00602569959011268 	-4.14499515662247e-21 	-0.00226449066752082 	5.99956627535594e-22 	-0.000845203348770133 	0 	0 	0 	0 	0 	0 	0.00310244243365974 	-0.00605485144804615 	-4.16885917004616e-21 	-0.00225723686134708 	6.03909682828499e-22 	-0.000845205572312652
0.311380052818127 	0.0354017232837154 	0.0607594093811548 	-0.0332319460924236 	-0.0609669991544018 	0.00234488663152605 	-8.11644948535927e-23 	-0.0901148619613709 	-0.0137895483203109 	-0.00825525453105272 	0.00337671729398443 	-0.00656743108886062 	3.16690783958896e-22 	-0.00244824953012529 	-9.54784894822259e-22 	-0.000928467763859139 	0 	0 	0 	0 	0 	0 	0.00336882013717341 	-0.00659738587227246 	3.14160496145903e-22 	-0.00244034955221472 	-9.58800834490544e-22 	-0.000928470584958689
0.330609075404679 	0.0366929713460008 	0.0629638418316995 	-0.0329029002048951 	-0.053266356996461 	0.0015029432341946 	7.867870807617e-22 	-0.0773172354450227 	-0.0156071905449533 	-0.00828196256257305 	0.00365888059648565 	-0.00714787305343474 	2.89293907238296e-21 	-0.00264201538448627 	-6.84451235081465e-22 	-0.00101686521199938 	0 	0 	0 	0 	0 	0 	0.00365029840340278 	-0.00717876184579122 	2.90842386441351e-21 	-0.00263342971367377 	-6.87206787300382e-22 	-0.001016868689729
0.350542513402285 	0.0380384407255105 	0.06531740836282 	-0.0325409497888152 	-0.0450565805119594 	0.000555266270895357 	0 	-0.0635945549409506 	-0.0175953833177841 	-0.00843484671531428 	0.00395806501221043 	-0.00777105054039522 	5.00162096578396e-18 	-0.00284707984361515 	-5.66726175321648e-18 	-0.00111098516859527 	0 	0 	0 	0 	0 	0 	0.00394874960118896 	-0.00780302488650848 	5.00128938547647e-18 	-0.00283776024377169 	-5.69552865584086e-18 	-0.00111098935741727
0.371206171610499 	0.0394489654775479 	0.0678058856945325 	-0.0321414516540204 	-0.0362766088068778 	-0.000510525093888024 	1.27940735813697e-17 	-0.0488129089982685 	-0.0198074709899638 	-0.0086622987834784 	0.00427707330019063 	-0.00844153702574696 	2.61835172212277e-17 	-0.00306546209612312 	5.92573649844828e-18 	-0.00121161120406751 	0 	0 	0 	0 	0 	0 	0.00426696775517305 	-0.00847477354945077 	2.63118692508719e-17 	-0.00305535158445015 	5.92483537837795e-18 	-0.00121161617072289
0.392626800134263 	0.0409370672528023 	0.0704085162858088 	-0.0316984495450289 	-0.0268542446236229 	-0.00170877864598098 	-1.24926157873399e-21 	-0.0329412568312376 	-0.0222541522465721 	-0.00887464508297961 	0.00462002494325182 	-0.00916445523181355 	-1.03379094403184e-17 	-0.00330025372099751 	1.20167256703185e-17 	-0.00131977122225431 	0 	0 	0 	0 	0 	0 	0.00460906401062715 	-0.00919916136256975 	-1.0331874767307e-17 	-0.0032892869608752 	1.20728719493875e-17 	-0.00131977704975194
0.414832129013216 	0.0425172369386473 	0.0731236211764815 	-0.0312042773224003 	-0.0167035190581019 	-0.00305593190785683 	-1.31738424287032e-17 	-0.0157698011484568 	-0.0249062939633297 	-0.00922728921151672 	0.00499289035312569 	-0.00994549738369663 	-2.6582533308243e-17 	-0.0035560209776463 	-5.61944083405407e-18 	-0.00143686937547939 	0 	0 	0 	0 	0 	0 	0.00498100153911736 	-0.00998191861343076 	-2.6708762195311e-17 	-0.00354412532673886 	-5.6180450004255e-18 	-0.0014368762123785
0.437850904119577 	0.0442061995931719 	0.0759229184410979 	-0.0306489745295152 	-0.00572129492057248 	-0.00457055546878422 	-8.79878764542991e-22 	0.00298802605877277 	-0.0277864929089581 	-0.0098830675966135 	0.00540429410871823 	-0.0107906109872351 	5.65588236391431e-18 	-0.0038396583246854 	-6.10924591941151e-18 	-0.00156463578403283 	0 	0 	0 	0 	0 	0 	0.00539140033683168 	-0.0108290393579985 	5.65551620631165e-18 	-0.00382675687754957 	-6.13717045518866e-18 	-0.0015646434592821
0.461712924371063 	0.0460231018389362 	0.0787333047766642 	-0.0300191654103253 	0.00621685632903369 	-0.00627288167973719 	2.83013427576562e-22 	0.0234781235853467 	-0.0309160039622154 	-0.0106063049761698 	0.00586606295620647 	-0.011706074587633 	3.6027537792084e-22 	-0.00416090690773692 	-6.09892098133877e-22 	-0.00170515604846955 	0 	0 	0 	0 	0 	0 	0.00585208566158294 	-0.0117468585240929 	3.59924037189551e-22 	-0.00414692119391907 	-6.12244251531745e-22 	-0.00170516446766387
0.486449080307035 	0.0479896352853671 	0.0814942358146988 	-0.0292976311684093 	0.0192614785769207 	-0.00818502418938331 	1.34851704263319e-23 	0.0458684114022646 	-0.0342704970369635 	-0.0111018847564714 	0.00639397552960487 	-0.012698231649629 	4.23578173867326e-22 	-0.00453298305392377 	-3.04979980080409e-22 	-0.0018609924756811 	0 	0 	0 	0 	0 	0 	0.00637883969472209 	-0.012741786783059 	4.246503607874e-22 	-0.00451783755054435 	-3.06148797134156e-22 	-0.00186100214417774
0.512091394077793 	0.0501297979271132 	0.0841525086148001 	-0.0284638731296168 	0.0335952826134542 	-0.0103299123477074 	7.13004382304537e-22 	0.0703337191130505 	-0.0378810863543271 	-0.011314411497292 	0.00700882772026834 	-0.0137721170773421 	-1.56447816234111e-21 	-0.00497369395948691 	3.04680049365094e-22 	-0.00203513376078143 	0 	0 	0 	0 	0 	0 	0.00699247205170356 	-0.013818937152883 	-1.57059215690443e-21 	-0.00495732730926947 	3.05495942411366e-22 	-0.00203514474243409
0.538673060898805 	0.0524690649992957 	0.0866443643539574 	-0.0274937946037095 	0.0494395840223821 	-0.0127290788859712 	2.42550453430669e-22 	0.0969281182498161 	-0.0417297701283831 	-0.0113061200947413 	0.00773602628348981 	-0.0149300582801296 	-1.7013860130412e-21 	-0.00550501022609751 	-8.83956323526502e-22 	-0.0022310160573923 	0 	0 	0 	0 	0 	0 	0.00771841702364193 	-0.0149807223722628 	-1.70820285020357e-21 	-0.00548738915342871 	-8.81250106575454e-22 	-0.00223102787021321
0.566228492023518 	0.0550327710204904 	0.0889347636065481 	-0.0263602939554157 	0.0670596475359541 	-0.0154004678418349 	1.93614018462541e-22 	0.12582171821225 	-0.0458086387173808 	-0.0110774652367626 	0.00860444627990575 	-0.0161697655229821 	-2.45893000750408e-18 	-0.00615217468671356 	2.39305643932451e-18 	-0.00245227159319219 	0 	0 	0 	0 	0 	0 	0.00858559481296321 	-0.0162249358095028 	-2.45896725559102e-18 	-0.0061333106736202 	2.40297562559073e-18 	-0.00245228413934301
0.594793359290396 	0.057843078402962 	0.0911049937925502 	-0.0250375873284854 	0.0867673168595392 	-0.0183549367850261 	-6.09485767277624e-18 	0.156973894017292 	-0.0500450373131499 	-0.0106186206460522 	0.00964168941050547 	-0.0174827359363823 	5.12352741458598e-17 	-0.00693943208882433 	1.82949416665198e-17 	-0.00270225732168114 	0 	0 	0 	0 	0 	0 	0.00962166923440793 	-0.0175431392707173 	5.14604462741743e-17 	-0.00691939691745905 	1.82453057857708e-17 	-0.00270227231694889
0.624404641301838 	0.0609137752927199 	0.0930753730764788 	-0.0235087420644911 	0.108916686386858 	-0.02159371972207 	5.26545708409869e-19 	0.190378908880439 	-0.0542451732247091 	-0.0099943020034805 	0.0108676539954568 	-0.0188563025659665 	5.86393908904894e-18 	-0.00788439867609458 	-3.14311630104531e-18 	-0.00298325531936226 	0 	0 	0 	0 	0 	0 	0.0108466059666787 	-0.0189226889034602 	5.86447536955304e-18 	-0.0078633295160893 	-3.16395157222464e-18 	-0.00298327645058943
0.655100671294778 	0.0642425827065145 	0.0947622259269708 	-0.0217698501217839 	0.133890066002398 	-0.0251068816884901 	6.70414080404447e-18 	0.226394575757551 	-0.0584578985279257 	-0.00933797011009703 	0.0122915686076583 	-0.0202759983217712 	-5.12031624443975e-17 	-0.00899609975179072 	-1.6911011256597e-17 	-0.00329546885586759 	0 	0 	0 	0 	0 	0 	0.0122696973191107 	-0.020349078171353 	-5.14314030343938e-17 	-0.00897420023685824 	-1.68614778615746e-17 	-0.00329549708225241
0.686921186764909 	0.0677967165359441 	0.0961801287347852 	-0.0198225428484451 	0.162074038966803 	-0.0288697422082273 	-3.84720028347453e-22 	0.265480300148813 	-0.0626448355253122 	-0.00863267185910796 	0.0139203965756249 	-0.021727065491499 	-2.59106117282481e-18 	-0.0102820438350562 	2.35152753245049e-18 	-0.00363835274056878 	0 	0 	0 	0 	0 	0 	0.0138979772933547 	-0.0218074282655299 	-2.59100502459002e-18 	-0.0102595931590804 	2.3616748079634e-18 	-0.00363838413427429
0.719907380908801 	0.0714959384734563 	0.0972927669113964 	-0.0176649555674301 	0.193823982970471 	-0.0328388651693523 	-4.42242065931807e-22 	0.30800271889008 	-0.0667406886071925 	-0.00777503558530014 	0.0157729146197918 	-0.0231888920954318 	1.52466497021195e-20 	-0.0117607557138124 	1.76751521115836e-21 	-0.00401215890597932 	0 	0 	0 	0 	0 	0 	0.0157503263346585 	-0.0232769176529985 	1.53190510839841e-20 	-0.0117381344839457 	1.75784130104421e-21 	-0.0040121918507128
0.754101955950493 	0.0752113912859239 	0.0980166465803367 	-0.0153025000741671 	0.229425254541081 	-0.0369447286610701 	5.50128453226955e-22 	0.35371120109618 	-0.0707705149113935 	-0.00670487264778813 	0.0178686492522643 	-0.0246091402047495 	-6.54085636744602e-21 	-0.01345488003604 	3.17045551095287e-22 	-0.0044137692162243 	0 	0 	0 	0 	0 	0 	0.0178464273681413 	-0.0247049425662368 	-6.57124854224287e-21 	-0.0134326181203292 	3.20760674854922e-22 	-0.00441380924781214
0.768737083385783 	0.0766784400993161 	0.0980828845626138 	-0.0142594703238765 	0.24578835771745 	-0.038646679997607 	3.19919849144095e-22 	0.37365750158069 	-0.0723242281260249 	-0.00633246406962738 	0.0188313127471375 	-0.0251318365836494 	-3.70877641310773e-21 	-0.0142448010302535 	-1.95292053619546e-21 	-0.00458651171688401 	0 	0 	0 	0 	0 	0 	0.0188095515201332 	-0.0252307732081428 	-3.72692231602504e-21 	-0.0142229951021061 	-1.9506230908136e-21 	-0.00458655641802714
0.789587544296714 	0.0787735385606834 	0.0981840228854878 	-0.0127731389126663 	0.269094212635826 	-0.0410741195850603 	-6.3740531328312e-23 	0.4020849469696 	-0.074533824343786 	-0.00580024526342652 	0.0202083291224441 	-0.0258795498661542 	1.08656642980999e-21 	-0.0153849674484007 	-4.71375088124684e-21 	-0.00482336167404344 	0 	0 	0 	0 	0 	0 	0.0201872089055244 	-0.0259829636737964 	1.09013925003465e-21 	-0.0153637991047501 	-4.71410899449203e-21 	-0.00482340980077434
0.826397941134581 	0.0819678256843967 	0.0977181138745107 	-0.0101482706048608 	0.312912577934596 	-0.045056335000733 	4.2064787750347e-22 	0.452694392218082 	-0.0778427947547949 	-0.00490983995592805 	0.0227282237415476 	-0.026848124226438 	6.22013306392482e-21 	-0.0174960616633947 	-2.52374582884269e-20 	-0.00523216207815282 	0 	0 	0 	0 	0 	0 	0.0227091421981725 	-0.0269586518399262 	6.28498834368162e-21 	-0.0174769249879285 	-2.52391302694014e-20 	-0.00523221721024396
0.864552619664377 	0.0845358007515428 	0.096284419004446 	-0.00752483466015873 	0.360807915707846 	-0.0486703112008453 	3.59983573778288e-23 	0.505424034189074 	-0.0806505083675472 	-0.00403508629166595 	0.0253093478092884 	-0.0273671516162119 	1.60185694183813e-20 	-0.0196805687786511 	-9.93765867958988e-21 	-0.00562877903063721 	0 	0 	0 	0 	0 	0 	0.02529331716892 	-0.0274838559962317 	1.61062380495701e-20 	-0.0196644776981686 	-9.94601165636112e-21 	-0.00562883947075143
0.904100495640697 	0.086191132641304 	0.093469327160687 	-0.00500838713977998 	0.412521226691178 	-0.051672894002408 	-6.00394937697597e-22 	0.560383065118117 	-0.0828591134379053 	-0.0035062198884841 	0.0277765784031492 	-0.0273293814751771 	-7.14788850621075e-21 	-0.0218043322859772 	4.79114782599764e-20 	-0.00597224611717199 	0 	0 	0 	0 	0 	0 	0.0277644849191088 	-0.0274508424722261 	-7.24060851312159e-21 	-0.0217922277392169 	4.79108325198358e-20 	-0.00597225717989194
0.94509225020548 	0.0866514415911953 	0.0895472173078522 	-0.00268279023643294 	0.467553408747254 	-0.0537911357953506 	-3.02247533499529e-22 	0.61639054590867 	-0.0842723219258787 	-0.00289773352697346 	0.0298207028212611 	-0.0267105961095802 	1.00408132217599e-20 	-0.0236018170859318 	-3.99493313124291e-21 	-0.00621888573532928 	0 	0 	0 	0 	0 	0 	0.0298130416848865 	-0.0268347606764821 	1.0091254709953e-20 	-0.0235941738660816 	-4.00097068860206e-21 	-0.00621886781880485
0.987580392338914 	0.0857050551542774 	0.0846843356526078 	-0.00087886637049809 	0.525191424302092 	-0.0549941351154221 	8.18087206845551e-23 	0.671343110700934 	-0.0846563344789624 	-0.00225763688230451 	0.031265494946475 	-0.025302464730162 	5.28001313049034e-21 	-0.0248739307323125 	-2.54235996798616e-20 	-0.00639156421416249 	0 	0 	0 	0 	0 	0 	0.0312629309902834 	-0.0254261775828829 	5.28889288699816e-21 	-0.0248710798012633 	-2.54246196206851e-20 	-0.00639185118902014
1.03161932340259 	0.0833065013576278 	0.0787127220024119 	-0.00043625566184025 	0.583725789159996 	-0.0551910509935464 	1.91648710907081e-22 	0.723630573095801 	-0.0838683480298588 	-0.00222864887426767 	0.0305997622402918 	-0.0229536141561801 	2.54247670231054e-20 	-0.0246116280200656 	-1.27707979729199e-20 	-0.00598813422022619 	0 	0 	0 	0 	0 	0 	0.0306029164980133 	-0.0230728309095489 	2.55457898088363e-20 	-0.0246145850361487 	-1.2783456752905e-20 	-0.00598833146186463
1.07726540383317 	0.0797499542973566 	0.0719233105777285 	-0.000897926139264244 	0.640935035111331 	-0.0535987122560761 	-2.31382954462039e-22 	0.771179068062284 	-0.0819455115932038 	-0.00251797617062602 	0.0279098825432013 	-0.0203360507255445 	2.24018097425172e-20 	-0.0227857633987892 	-1.91872557496081e-20 	-0.00512411914441203 	0 	0 	0 	0 	0 	0 	0.0279178721525039 	-0.0204469684587857 	2.25174538829377e-20 	-0.022794106275304 	-1.91954845266029e-20 	-0.00512376587719992
1.12457702204508 	0.0756405028416086 	0.0649142392479105 	-0.000722189119380905 	0.695512741580574 	-0.0508422186946385 	-6.19354635322962e-23 	0.812225602703679 	-0.0790303554679928 	-0.00247035853659523 	0.0265434227127801 	-0.018006431384022 	1.99781316331843e-20 	-0.0216856070295805 	-2.30238377309828e-20 	-0.00485781568319951 	0 	0 	0 	0 	0 	0 	0.0265533683533705 	-0.0181056990055006 	2.00749716415751e-20 	-0.0216956174168605 	-2.30305802837178e-20 	-0.00485775093650997
1.1736146656008 	0.0714945270655672 	0.058134610886464 	-0.000689376790164192 	0.745534761755375 	-0.0484891262897287 	1.65194801000356e-22 	0.846187644097999 	-0.0753943931726999 	-0.00220357442472154 	0.0246568272032297 	-0.0156782222217478 	2.01266920212349e-20 	-0.0200907525394255 	-1.07367715930572e-20 	-0.00456607466380423 	0 	0 	0 	0 	0 	0 	0.0246668167099379 	-0.0157629979485428 	2.0216046894205e-20 	-0.0201003541906053 	-1.07435304654844e-20 	-0.00456646251933259
1.22444099470706 	0.0676717734106994 	0.0517549131559218 	-0.00224565518660366 	0.788892613687982 	-0.0459835377555544 	1.59733272175097e-22 	0.873384721694258 	-0.0713872223074013 	-0.00143700576289156 	0.0198057122759193 	-0.0132519086384169 	1.84353472625993e-22 	-0.0165080918659065 	-1.7653529268212e-20 	-0.00329762041001278 	0 	0 	0 	0 	0 	0 	0.0198161975771537 	-0.0133210519657398 	1.84266768041251e-22 	-0.0165185223153615 	-1.76550592572526e-20 	-0.0032976752617922
1.27712091809509 	0.0644665237911183 	0.0460467513084548 	-0.004189414474159 	0.825017674783211 	-0.0427837769421918 	-1.93575968234548e-22 	0.894250674814232 	-0.0673410344448939 	-0.000356237461183963 	0.0151370242545891 	-0.0110822763854847 	3.86609632935532e-20 	-0.0128141649877549 	-2.25102418208487e-20 	-0.00232285926683418 	0 	0 	0 	0 	0 	0 	0.0151474488095156 	-0.0111368384389385 	3.88062006103165e-20 	-0.0128247890252488 	-2.25167292419505e-20 	-0.00232265978426683
1.33172167134185 	0.0619338860624035 	0.0411930462943316 	-0.00501067076596691 	0.854351336023022 	-0.0398511892795937 	-3.10063622413935e-22 	0.909445335145297 	-0.0634561897456341 	0.000729154796177226 	0.01270261204917 	-0.009386829345767 	8.62242368728699e-20 	-0.0105863522064353 	1.93021867874195e-20 	-0.00211625984273475 	0 	0 	0 	0 	0 	0 	0.0127113627197736 	-0.00942946101720945 	8.65735368253601e-20 	-0.0105951162913639 	1.9285315909933e-20 	-0.00211624642840963
1.38831289768847 	0.0599079383671848 	0.0372660455756891 	-0.00506359103444896 	0.878322067659579 	-0.0376338616237704 	-1.65329011160857e-22 	0.920304633392327 	-0.0598504306264237 	0.00151002715929253 	0.0111249367831812 	-0.00828239259392613 	1.18033879424624e-19 	-0.0092720509527255 	6.35305343884235e-21 	-0.0018528858304557 	0 	0 	0 	0 	0 	0 	0.0111317301997663 	-0.00831635721754197 	1.18452896213285e-19 	-0.00927878796928353 	6.33368410064333e-21 	-0.00185294223048274
1.44696673141046 	0.0581858668364781 	0.0342878756735227 	-0.00492005329564153 	0.898695710593963 	-0.0357823122589583 	-2.01698280393702e-22 	0.927926585910546 	-0.0565704707796726 	0.00188758549189817 	0.00954025454058611 	-0.00768113166681847 	1.52404888779802e-18 	-0.00797815345855241 	-1.4416848232974e-18 	-0.0015621010820337 	0 	0 	0 	0 	0 	0 	0.00954564142118383 	-0.00770923401083603 	1.5243542362676e-18 	-0.00798353217162458 	-1.44627144416761e-18 	-0.00156210924955925
1.50775788379202 	0.0565948505603104 	0.0320872104188673 	-0.00463588608987377 	0.916650388842269 	-0.0342498742598696 	5.85628035317309e-18 	0.933173234905929 	-0.0535307692406049 	0.00217127492203943 	0.00840081080084398 	-0.00735394680520271 	-3.50018410041049e-15 	-0.00702102710643834 	-1.06053298429386e-16 	-0.00137978369440564 	0 	0 	0 	0 	0 	0 	0.00840500661260292 	-0.00737811905752942 	-3.51023250984645e-15 	-0.0070251932028496 	-1.05686991998831e-16 	-0.00137981340975332
1.57076373175446 	0.0549879657403618 	0.0304337086584922 	-0.00427811262729382 	0.933108441258275 	-0.033083383061632 	-7.09092325761865e-20 	0.937197038067031 	-0.0507021237147526 	0.00199016539465584 	0.00710210707694184 	-0.00721963623651761 	4.82632015916736e-16 	-0.00590665492671965 	-7.05765537849771e-17 	-0.00119545215022219 	0 	0 	0 	0 	0 	0 	0.0071051951498139 	-0.00724100768695903 	4.83168488126989e-16 	-0.00590972839681935 	-7.05881432544634e-17 	-0.00119546675299456
1.63606440918557 	0.0532633272206366 	0.0291297804858473 	-0.00356816656337315 	0.948469408711824 	-0.0321859052716137 	-5.82902831045434e-18 	0.940672302361516 	-0.0480826289438599 	0.00152112534159216 	0.00623706196814502 	-0.00702722745559459 	3.66510454263935e-15 	-0.00519092350407964 	-1.07416045756182e-16 	-0.00104613846406538 	0 	0 	0 	0 	0 	0 	0.00623942975789974 	-0.00704652785766019 	3.67476480971732e-15 	-0.00519335258689314 	-1.07767192408301e-16 	-0.0010460771710066
1.7018053888657 	0.0514054731012606 	0.0280841029871629 	-0.00213640155273944 	0.962716516424616 	-0.0313579284032521 	-1.63824096593808e-19 	0.943967908281799 	-0.045678853809411 	0.000967831194291868 	0.00613965439323355 	-0.00671853555237316 	1.00135873290451e-16 	-0.00512755687704908 	-6.23929907190105e-18 	-0.00101209751618448 	0 	0 	0 	0 	0 	0 	0.00614198918978611 	-0.00673647786048197 	1.0039609003554e-16 	-0.00512991517042654 	-6.25268299830338e-18 	-0.00101207401935957
1.70374520701699 	0.0513506521038189 	0.0280533929402372 	-0.00209387836656104 	0.96313691090837 	-0.0313333445624393 	3.81242545297756e-23 	0.944064216592456 	-0.0456083295038938 	0.000951550480849985 	0.00613639858738399 	-0.00670970097291501 	1.17363521011163e-18 	-0.00512556984954408 	-1.54306865142555e-18 	-0.00101082873783991 	0 	0 	0 	0 	0 	0 	0.00613873269553274 	-0.00672760386267699 	1.17336112765215e-18 	-0.00512792633363156 	-1.54711628135759e-18 	-0.00101080636190118
1.77395075874557 	0.0491904919333726 	0.0271056529203197 	-0.000598885326038437 	0.977615302346831 	-0.0304506908870624 	-1.22809625811201e-22 	0.948168449338551 	-0.0431557430801592 	6.60952251980726e-05 	0.00636977669042391 	-0.00615248243834737 	1.50015919641072e-19 	-0.00528281622770956 	9.53925628002152e-20 	-0.00108696046271436 	0 	0 	0 	0 	0 	0 	0.00637251770442002 	-0.00616912175812432 	1.50405476715554e-19 	-0.00528545458495597 	9.53810725145953e-20 	-0.00108706311946405
1.84666973275725 	0.0467460475759451 	0.0261881661260192 	-0.000317126432826874 	0.991436064081085 	-0.0294128360016944 	-3.95711049527729e-23 	0.953161960478554 	-0.0406852829878578 	-0.000902327034589037 	0.00466457163975649 	-0.00576894462123862 	2.24630806163835e-19 	-0.00402203697899262 	7.19599430840348e-20 	-0.000642534660763867 	0 	0 	0 	0 	0 	0 	0.0046679294690068 	-0.00578384968542728 	2.25184547138008e-19 	-0.00402536230702374 	7.19435882405492e-20 	-0.000642567161983061
1.9219894436776 	0.0440576516734673 	0.0251888086462673 	-0.00046269699562763 	1.00412365625609 	-0.0278531083530921 	-6.87467296758596e-24 	0.959102875894024 	-0.0381851879265569 	-0.00160325346161694 	0.00232076056668474 	-0.00561264943478578 	2.02022953432091e-19 	-0.00224996629871274 	-2.8464226608973e-21 	-7.07942679720012e-05 	0 	0 	0 	0 	0 	0 	0.00232460110268684 	-0.00562588285208093 	2.02487606916236e-19 	-0.00225388088944933 	-2.85962960117796e-21 	-7.07202132375179e-05
2 	0.0415482722874586 	0.0242164072335199 	0.000255005556434347 	1.01471404688821 	-0.0263429030953501 	-9.62296579174125e-26 	0.965174954744793 	-0.0359226326425955 	-0.00179481934970899 	0.00182337881916739 	-0.0053141993614414 	9.00215749103813e-20 	-0.0017952834252248 	1.46710812451237e-21 	-2.80953939425896e-05 	0 	0 	0 	0 	0 	0 	0.00182726658160888 	-0.00532643776513705 	9.02255305665516e-20 	-0.00179915121142891 	1.46156141036459e-21 	-2.81153701799671e-05
2.04048019216691 	0.0397324902642177 	0.0234962429610314 	0.00129142073696371 	1.02181986834964 	-0.0254144170914816 	0 	0.969679564495044 	-0.0344099951963655 	-0.00169835877392754 	0.00170754196448023 	-0.00512730131538882 	7.9824243466274e-27 	-0.00168761028828623 	5.04367638821942e-26 	-1.99316761940023e-05 	0 	0 	0 	0 	0 	0 	0.00171146108194491 	-0.00513912205423939 	7.98242597807555e-27 	-0.0016914862718841 	5.05185431608682e-26 	-1.99748100608149e-05
2.07952987991697 	0.0382791171799077 	0.0228877787725474 	0.00200811511102181 	1.027366449822 	-0.0245836162173541 	0 	0.973597006440591 	-0.0331853216601032 	-0.00164409204347083 	0.00172013738948517 	-0.00498337756032811 	0 	-0.00172238986399551 	0 	2.252474510339e-06 	0 	0 	0 	0 	0 	0 	0.00172413384257767 	-0.00499498610519184 	0 	-0.00172639308048043 	0 	2.25923790275651e-06
2.11719961495896 	0.0368754117516313 	0.0222632616077289 	0.00266785932325938 	1.03259685783802 	-0.0237847286357423 	0 	0.977611444824285 	-0.0319959819783864 	-0.00170830714810695 	0.00170555903965593 	-0.00482907322856199 	0 	-0.00170505409108076 	0 	-5.04948575169677e-07 	0 	0 	0 	0 	0 	0 	0.00170957951409125 	-0.00484047120724131 	0 	-0.00170907467206664 	0 	-5.04842024609357e-07
2.15353816258619 	0.0355222412394965 	0.0216554777249302 	0.00327472383666648 	1.03753131177892 	-0.0230076224851669 	0 	0.981537715167855 	-0.0308401507728258 	-0.00179697398075944 	0.00169410334645246 	-0.00466526472586595 	0 	-0.00169354161440389 	0 	-5.61732048564969e-07 	0 	0 	0 	0 	0 	0 	0.00169816269817413 	-0.00467645202715041 	0 	-0.00169760089582096 	0 	-5.6180235317724e-07
2.1885925648055 	0.0342198851225658 	0.0210748671153944 	0.00383146145628043 	1.04218408736725 	-0.022249904397219 	0 	0.98530508933589 	-0.0297193039651093 	-0.00193002230852915 	0.00168174088389457 	-0.00448948243267282 	0 	-0.00168147061052538 	0 	-2.70273369182133e-07 	0 	0 	0 	0 	0 	0 	0.00168584717101103 	-0.0045004476018847 	0 	-0.00168557690814596 	0 	-2.70262865071659e-07
2.22240820123539 	0.0329681465034638 	0.0205025211491666 	0.00434174256073785 	1.04656580821812 	-0.0215098839853305 	0 	0.989000312059681 	-0.0286282234845345 	-0.00215346750620588 	0.00166731145386213 	-0.00430088190157339 	0 	-0.00166724085510641 	0 	-7.0598755717902e-08 	0 	0 	0 	0 	0 	0 	0.00167146969767523 	-0.00431160715025244 	0 	-0.00167139919604225 	0 	-7.05016329806659e-08
2.25502884785218 	0.0317664289623544 	0.0199458831166918 	0.0048094328480013 	1.05068507981319 	-0.0207867541282913 	0 	0.992676856756802 	-0.0275697991363819 	-0.00231255616904895 	0.00165001657272829 	-0.0040998876342864 	0 	-0.00164993261357731 	0 	-8.39591509813884e-08 	0 	0 	0 	0 	0 	0 	0.00165422863946411 	-0.00411035182587293 	0 	-0.00165414473503172 	0 	-8.3904432387364e-08
2.28649673366009 	0.0306138037377643 	0.0194104241623058 	0.00523783089608957 	1.05454926275177 	-0.0200801901874573 	0 	0.996261519813372 	-0.0265489828878613 	-0.00238309212031757 	0.0016286022511925 	-0.0038880023743695 	0 	-0.00162856367703645 	0 	-3.85741560525573e-08 	0 	0 	0 	0 	0 	0 	0.0016328676900084 	-0.003898182421089 	0 	-0.00163282921271004 	0 	-3.84772983562622e-08
2.31685259535872 	0.0295090750034824 	0.0188841885122122 	0.0056301622307696 	1.05816502545043 	-0.0193900658758605 	0 	0.999625901195311 	-0.0255662400329992 	-0.00243740951092794 	0.00160269476167178 	-0.00366703205288824 	0 	-0.00160270527992515 	0 	1.05182533622332e-08 	0 	0 	0 	0 	0 	0 	0.00160701111919013 	-0.00367690445629787 	0 	-0.00160702180625095 	0 	1.06870608169857e-08
2.34613573007873 	0.0284508363259583 	0.0183688821809301 	0.00598928260589919 	1.06153901796826 	-0.0187166982332245 	0 	1.00270506004705 	-0.0246221114845522 	-0.00250269500536502 	0.00157291492351816 	-0.00343855953459678 	0 	-0.0015728174228444 	0 	-9.7500673756386e-08 	0 	0 	0 	0 	0 	0 	0.00157727801861179 	-0.00344810098975556 	0 	-0.00157718056762896 	0 	-9.74509828272178e-08
2.3743840462538 	0.0274375195270556 	0.0178773490218022 	0.00631712299197707 	1.06467778361843 	-0.0180605484885766 	0 	1.00549354357805 	-0.0237132705431018 	-0.00243630108938367 	0.00153822867078941 	-0.00320484647707172 	0 	-0.00153806015542765 	0 	-1.68515361750762e-07 	0 	0 	0 	0 	0 	0 	0.00154263385521996 	-0.00321403270844927 	0 	-0.001542465351167 	0 	-1.68504052963282e-07
2.40163411269502 	0.0264674457110965 	0.017416378320741 	0.00661573695174432 	1.06758720081378 	-0.0174217799339508 	0 	1.00797594472289 	-0.0228380046914994 	-0.00224031738496324 	0.00149827057088561 	-0.00296785365854783 	0 	-0.00149815834889858 	0 	-1.12221987021579e-07 	0 	0 	0 	0 	0 	0 	0.00150271315952527 	-0.00297665924050833 	0 	-0.00150260104057766 	0 	-1.12118947608475e-07
2.42792120593089 	0.0255388688525234 	0.0169838227691904 	0.00688760838384731 	1.07027298286251 	-0.0168006883465094 	0 	1.01014830197927 	-0.0219960492293963 	-0.0021220469983915 	0.00145450994144374 	-0.00272881223011245 	0 	-0.001454408324014 	0 	-1.01617429736979e-07 	0 	0 	0 	0 	0 	0 	0.00145898474524584 	-0.00273721145152489 	0 	-0.00145888319897022 	0 	-1.01546275623469e-07
2.45327935587456 	0.0246500061888774 	0.0165795626788876 	0.00713487540861034 	1.07274090777125 	-0.0161975982177816 	0 	1.01204902432736 	-0.0211872702024614 	-0.00207106246897816 	0.00140706778044719 	-0.00248955338352668 	0 	-0.00140698639483925 	0 	-8.13856079401543e-08 	0 	0 	0 	0 	0 	0 	0.00141156955929609 	-0.00249751983768349 	0 	-0.00141148820507461 	0 	-8.13542214789063e-08
2.47774138987717 	0.02379906714989 	0.016204275973828 	0.00735947328057792 	1.07499642284126 	-0.0156126273043701 	0 	1.01374078572106 	-0.0204104222603575 	-0.00198857212447237 	0.00135652923214699 	-0.00225146311840247 	0 	-0.00135649548523373 	0 	-3.37469132654325e-08 	0 	0 	0 	0 	0 	0 	0.00136105292339392 	-0.00225896913581077 	0 	-0.00136101922772422 	0 	-3.3695669700229e-08
2.50133897522445 	0.0229842763821734 	0.0158571087853338 	0.00756331294781211 	1.07704474462157 	-0.0150458905957274 	0 	1.01524818869817 	-0.0196611810334178 	-0.0019008566547244 	0.00130371535969938 	-0.00201559954349907 	0 	-0.00130369254702421 	0 	-2.2812675167047e-08 	0 	0 	0 	0 	0 	0 	0.00130825594534371 	-0.00202261588995375 	0 	-0.00130823315728854 	0 	-2.27880551656418e-08
2.52410266013156 	0.0222038914490549 	0.0155298198863773 	0.00774804441913722 	1.07889073312263 	-0.0144974444001356 	0 	1.01657286501383 	-0.018932850548513 	-0.00186232255234798 	0.00124901864434994 	-0.00178306245227043 	0 	-0.00124899427282155 	0 	-2.43715283972962e-08 	0 	0 	0 	0 	0 	0 	0.0012535714317723 	-0.00178955743971143 	0 	-0.00125354704938155 	0 	-2.43823907471448e-08
2.54606191328919 	0.0214562183181495 	0.0152161640837664 	0.00791514834821767 	1.08053867367083 	-0.0139672106138718 	0 	1.01767697119642 	-0.0182218024051933 	-0.00186109495443063 	0.00119283407122228 	-0.00155476891886944 	0 	-0.00119282143746128 	0 	-1.26337609987083e-08 	0 	0 	0 	0 	0 	0 	0.00119739476905724 	-0.0015607077097536 	0 	-0.00119738212800931 	0 	-1.26410479303466e-08
2.56724516201227 	0.0207396236222304 	0.0149184998525885 	0.00806609161470698 	1.08199230557298 	-0.0134550465440768 	0 	1.01852966226297 	-0.0175285978256561 	-0.0018313207839858 	0.00113573645037475 	-0.00133140106232014 	0 	-0.00113573105729313 	0 	-5.39308161624885e-09 	0 	0 	0 	0 	0 	0 	0.00114030109377086 	-0.00133674529202137 	0 	-0.00114029569785466 	0 	-5.39591620023196e-09
2.58767982904046 	0.0200525433394635 	0.0146387178866043 	0.00820226481756163 	1.08325479878639 	-0.012960754607351 	0 	1.01911540073068 	-0.0168585697819171 	-0.00173392591555088 	0.00107818452932575 	-0.00111358350369093 	0 	-0.00107818086157538 	0 	-3.66775036605184e-09 	0 	0 	0 	0 	0 	0 	0.00108274956697304 	-0.00111829061599045 	0 	-0.0010827458909602 	0 	-3.67601284213295e-09
2.60739236803822 	0.019393489575027 	0.0143811405597821 	0.00832494081528139 	1.08432866129001 	-0.0124840571930397 	0 	1.01941735022149 	-0.0162166126506557 	-0.0015751247396999 	0.00102062315535934 	-0.00090179726064517 	0 	-0.00102062089804313 	0 	-2.2573162066669e-09 	0 	0 	0 	0 	0 	0 	0.00102518550399863 	-0.000905819662886664 	0 	-0.00102518323926974 	0 	-2.26472889325708e-09
2.62640829784037 	0.018761055692997 	0.0141475185511669 	0.0084353037087028 	1.08521567924208 	-0.0120246149497025 	0 	1.01946109782855 	-0.0156004765964101 	-0.00140487833151367 	0.000963457631352049 	-0.00069641507990556 	0 	-0.000963456391401459 	0 	-1.23995058998325e-09 	0 	0 	0 	0 	0 	0 	0.000968014701956087 	-0.00069969924005304 	0 	-0.000968013456648653 	0 	-1.24530743397887e-09
2.64475223548742 	0.0181539202593811 	0.0139324347528187 	0.00853445362618483 	1.08591684149879 	-0.0115820310352259 	0 	1.01927198159297 	-0.0150068577554916 	-0.00123770137857067 	0.000907052021265832 	-0.000497701828601956 	0 	-0.000907050988941866 	0 	-1.032323966679e-09 	0 	0 	0 	0 	0 	0 	0.000911601768069165 	-0.000500187237581588 	0 	-0.000911600732519891 	0 	-1.03554927406608e-09
2.66244792809357 	0.0175708502257441 	0.0137305516632073 	0.00862341068211696 	1.08643226773648 	-0.011155852934646 	0 	1.01885236005587 	-0.0144358911631828 	-0.00106268166441062 	0.000851736019100229 	-0.000305827509552667 	0 	-0.000851735338659664 	0 	-6.80440564507117e-10 	0 	0 	0 	0 	0 	0 	0.000856276966511167 	-0.000307445491310691 	0 	-0.000856276285913988 	0 	-6.80597179307855e-10
2.67951828358848 	0.0170107036794671 	0.0135377212222936 	0.0087031203940404 	1.08676112607078 	-0.010745581668696 	0 	1.01821407149432 	-0.0138860533559438 	-0.000867800984798922 	0.00079780043151375 	-0.00012087553213069 	0 	-0.000797799629885288 	0 	-8.01628462199089e-10 	0 	0 	0 	0 	0 	0 	0.000802331695323643 	-0.000121547844778049 	0 	-0.000802330894912915 	0 	-8.00410727788825e-10
2.69598540037265 	0.0164724325259247 	0.0133530228706299 	0.00877445394228758 	1.08690153530021 	-0.0103506765059527 	0 	1.01739574532988 	-0.0133554446960673 	-0.000641797131039268 	0.000745489441490537 	5.71434871764031e-05 	0 	-0.000745488683818958 	0 	-7.57671578769513e-10 	0 	0 	0 	0 	0 	0 	0.000750010743296422 	5.7506307338995e-05 	0 	-0.000750009988818442 	0 	-7.54477980057206e-10
2.71187059592494 	0.0159550854683253 	0.0131766242811426 	0.0088382125490015 	1.08685045261064 	-0.00997056121270956 	0 	1.01640510656772 	-0.0128426337793878 	-0.000391091471409195 	0.000695000809087965 	0.000228284403218825 	0 	-0.000695000407084668 	0 	-4.02003297674876e-10 	0 	0 	0 	0 	0 	0 	0.00069951246424481 	0.00022978498070547 	0 	-0.000699512069193578 	0 	-3.95051231527155e-10
2.72719443439902 	0.015457811598312 	0.0130078684393797 	0.00889512686498311 	1.08660354809205 	-0.00960463440150732 	0 	1.01521903485195 	-0.0123450172185788 	-0.00012729373337624 	0.000646479557832381 	0.000392651746983499 	0 	-0.000646476425143183 	0 	-3.13268919820217e-09 	0 	0 	0 	0 	0 	0 	0.000650982401892643 	0.000395408124368945 	0 	-0.000650979257844319 	0 	-3.14404832337609e-09
2.74197675324468 	0.0149798649638325 	0.0128490844184103 	0.00894584864977597 	1.08615506563246 	-0.00925229122855256 	0 	1.01381996816784 	-0.0118611833137373 	0.000125287019739565 	0.00060001450184375 	0.000550384773338462 	0 	-0.00059999828362291 	0 	-1.62182208395308e-08 	0 	0 	0 	0 	0 	0 	0.000604509746660945 	0.000554533028548163 	0 	-0.000604493414566513 	0 	-1.633209443207e-08
2.75623668888838 	0.0145206104952259 	0.0127017790871556 	0.00899099902847441 	1.08549767021331 	-0.00891294443070645 	0 	1.01221357519858 	-0.0113923833802068 	0.000347453712968841 	0.000555678175442762 	0.00070163025594521 	0 	-0.000555665198644538 	0 	-1.29767982234738e-08 	0 	0 	0 	0 	0 	0 	0.000560167496548222 	0.000707327497163059 	0 	-0.00056015442775723 	0 	-1.30687909921291e-08
2.76999270150626 	0.0140795315964798 	0.0125643215254968 	0.00903140552625079 	1.08462228895893 	-0.0085859177636712 	0 	1.0104314488318 	-0.0109395940454374 	0.000539071171751048 	0.000513603093190516 	0.000846511403002574 	0 	-0.000513747303340539 	0 	1.44210150022086e-07 	0 	0 	0 	0 	0 	0 	0.000518089407734214 	0.000853939073241447 	0 	-0.000518234938212746 	0 	1.45530478531998e-07
2.78326259892174 	0.0136562398068778 	0.0124350735313895 	0.00906800044630664 	1.08351796506564 	-0.00827016084660816 	0 	1.00848512395447 	-0.0105011193224919 	0.000722491113697285 	0.000473644852899976 	0.000985084711908231 	0 	-0.000474010100720356 	0 	3.65247820380292e-07 	0 	0 	0 	0 	0 	0 	0.000478130066482117 	0.000994452078178351 	0 	-0.000478498818592354 	0 	3.68752110237189e-07
2.79606355965862 	0.0132504883886025 	0.0123140660106822 	0.00909888720286861 	1.0821717381068 	-0.00796538723139313 	0 	1.00637657799303 	-0.0100754471581402 	0.00090189240280929 	0.000433982860591586 	0.00111731603714417 	0 	-0.000432899187096122 	0 	-1.08367349546421e-06 	0 	0 	0 	0 	0 	0 	0.000438449794634767 	0.00112886404529248 	0 	-0.000437354289399898 	0 	-1.09550523486836e-06
2.80841215517947 	0.0128621951136927 	0.0122030642036108 	0.00911571764642652 	1.0805685233918 	-0.00767783387930622 	0 	1.00409409260325 	-0.00966232195268089 	0.00107085566160181 	0.000391921395504282 	0.00124314466042141 	0 	-0.000385130801875525 	0 	-6.79059362875706e-06 	0 	0 	0 	0 	0 	0 	0.000396317917595866 	0.00125715107231589 	0 	-0.000389448912526715 	0 	-6.86900506915093e-06
2.82032437133825 	0.0124914729439662 	0.0121037686809731 	0.00913140450297889 	1.0786909086368 	-0.00741968574699147 	0 	1.00160867055344 	-0.00926328620713672 	0.00122957226684803 	0.000371778556736611 	0.00136248047276335 	0 	-0.000379469226370674 	0 	7.69066963406285e-06 	0 	0 	0 	0 	0 	0 	0.000376352001025271 	0.00137926585309951 	0 	-0.000384147739271041 	0 	7.79573824576985e-06
2.8318156290747 	0.0121385846718362 	0.0120153707819076 	0.00928117634079682 	1.0765189092715 	-0.0070877090082575 	0 	0.998905319210921 	-0.00887969180713869 	0.00139276889355833 	0.000348826012920418 	0.00149489122131503 	0 	-0.000366501254014912 	0 	1.76752410944943e-05 	0 	0 	0 	0 	0 	0 	0.000353516887584324 	0.00151510420813644 	0 	-0.000371425178136965 	0 	1.7908290552641e-05
2.84290080437757 	0.011803846092796 	0.0119356081643623 	0.00953536004081336 	1.07396280950969 	-0.0068014471152704 	0 	0.995965947924235 	-0.00851086284576168 	0.00157029366655161 	0.000799233069534134 	0.00155269272898889 	0 	-0.000675874049893983 	0 	-0.000123359019640151 	0 	0 	0 	0 	0 	0 	0.000803435919668282 	0.00157701307891688 	0 	-0.000679807096470301 	0 	-0.000123628823197981
2.85359424754224 	0.0114842541765277 	0.0118642461608939 	0.00954500570159618 	1.07100690575227 	-0.00666004241073817 	0 	0.992761850464461 	-0.00815327802536599 	0.00175021710626346 	0.00077628836073394 	0.00164358427087404 	0 	-0.000652874341173511 	0 	-0.000123414019560429 	0 	0 	0 	0 	0 	0 	0.000780598916836036 	0.0016719017746443 	0 	-0.000656927953242188 	0 	-0.000123670963593849
2.86390980174789 	0.0111805832017958 	0.011802613866736 	0.00933510496877457 	1.06775165446572 	-0.00638392588050083 	0 	0.989254017507619 	-0.00780441165394439 	0.00193294675713108 	0.000273746001017331 	0.00178272925730244 	0 	-0.000288468014536796 	0 	1.47220135194653e-05 	0 	0 	0 	0 	0 	0 	0.000278716931830509 	0.00181515620270522 	0 	-0.000293712248304377 	0 	1.49953164738678e-05
2.87386082097819 	0.0108975193976535 	0.0117511751814295 	0.00923969782630666 	1.06413222532031 	-0.00606920210120393 	0 	0.985435783338233 	-0.0074651478063163 	0.00211238686795647 	0.0002448638694136 	0.0018653939257848 	0 	-0.000251298733758722 	0 	6.43486434512232e-06 	0 	0 	0 	0 	0 	0 	0.000249787473839938 	0.00190315700112756 	0 	-0.00025633713746787 	0 	6.54966362793275e-06
2.88346018730867 	0.0106364666815714 	0.0117107085275051 	0.00926111390318286 	1.06001609230764 	-0.00584712788738782 	0 	0.981279501853849 	-0.00713596728246426 	0.00227361568220309 	0.000213877371696238 	0.0019661094592615 	0 	-0.00020918298833374 	0 	-4.69438336249765e-06 	0 	0 	0 	0 	0 	0 	0.0002186963507983 	0.00201054588077841 	0 	-0.000213899909744213 	0 	-4.79644105408681e-06
2.89272032758315 	0.0103988156747363 	0.0116810081670053 	0.00928219403300183 	1.05533749494079 	-0.00560890078322817 	0 	0.976758810503365 	-0.00681428027236102 	0.00241232465551179 	0.000199184750666403 	0.00206422580310183 	0 	-0.000198464004948266 	0 	-7.20745718136133e-07 	0 	0 	0 	0 	0 	0 	0.000204211710625947 	0.00211651100054818 	0 	-0.000203474273628936 	0 	-7.37436997011566e-07
2.90165322950093 	0.0101861902850028 	0.0116605475849967 	0.00929431126578656 	1.05002022127804 	-0.00536619976225351 	0 	0.971875743737728 	-0.0064972322200734 	0.00253063236672404 	0.000182913773322026 	0.00215966711793674 	0 	-0.000183113065850765 	0 	1.99292528737975e-07 	0 	0 	0 	0 	0 	0 	0.000188105670223359 	0.00222120966601531 	0 	-0.00018831072212737 	0 	2.05051904011093e-07
2.91027045713544 	0.0100005123394648 	0.0116507429228413 	0.00930394277916856 	1.04397497346263 	-0.00512524534299794 	0 	0.966568328890257 	-0.00618422945599856 	0.00263546366265977 	0.000167199119045259 	0.00225260831710671 	0 	-0.000167282423630447 	0 	8.33045851883104e-08 	0 	0 	0 	0 	0 	0 	0.000172559011072969 	0.00232510567606336 	0 	-0.000172645029005961 	0 	8.60179329918136e-08
2.9185831659045 	0.00984394494419689 	0.0116539965735013 	0.0093126739596277 	1.03709650720344 	-0.0048851477272753 	0 	0.960783542878371 	-0.00587309191592378 	0.00273345459103275 	0.000153116222981773 	0.00234338135765727 	0 	-0.000153116936020107 	0 	7.13038334006331e-10 	0 	0 	0 	0 	0 	0 	0.000158680981999553 	0.00242888560827275 	0 	-0.000158682005242362 	0 	1.0232428089922e-09
2.92660211701151 	0.00971877431081709 	0.0116709686375348 	0.00932030217213986 	1.02926059057313 	-0.00464395664030755 	0 	0.954456427452902 	-0.00556234802818443 	0.00281989424441662 	0.00014059702084919 	0.00243239841739332 	0 	-0.000140595203810079 	0 	-1.8170391111958e-09 	0 	0 	0 	0 	0 	0 	0.000146411678876857 	0.00253339265030289 	0 	-0.000146410152386827 	0 	-1.52649002974837e-09
2.93433769137638 	0.00962721257026374 	0.0117033428531694 	0.00932670331567139 	1.02032095252077 	-0.00440007733438863 	0 	0.947468117694298 	-0.00525261022173916 	0.00287689808780458 	0.000129418836255852 	0.00252003243388519 	0 	-0.000129424666149224 	0 	5.82989337242308e-09 	0 	0 	0 	0 	0 	0 	0.000135531161869348 	0.0026395166808842 	0 	-0.000135537577535427 	0 	6.41566607955475e-09
2.94179990307414 	0.00957109630467484 	0.0117555412978065 	0.00933186804943315 	1.01010633417758 	-0.0041520760933929 	0 	0.939737907473879 	-0.00494151021657145 	0.00290785455649391 	0.000119395012299852 	0.00260650688296393 	0 	-0.000119399062023115 	0 	4.04972326260209e-09 	0 	0 	0 	0 	0 	0 	0.000125854815520025 	0.00274809322317994 	0 	-0.000125859534616058 	0 	4.71909603339819e-09
2.94899841229863 	0.00955146037964517 	0.0118313876903192 	0.00933577820864406 	0.998417696015255 	-0.00389863894182703 	0 	0.931086190368054 	-0.00462660729364801 	0.00291484814332927 	0.000110304741975197 	0.00269178342441865 	0 	-0.000110306353475404 	0 	1.61150020658407e-09 	0 	0 	0 	0 	0 	0 	0.000117161322155531 	0.00285980115974821 	0 	-0.00011716371129584 	0 	2.38914030880444e-09
2.95594253786806 	0.00956797723031259 	0.0119348936772139 	0.00933841114117855 	0.985025505063939 	-0.00363866944688333 	0 	0.92136863267873 	-0.00430459798054396 	0.00287929361632767 	0.000101897248260865 	0.00277541950577186 	0 	-0.000101898954780485 	0 	1.70651962019451e-09 	0 	0 	0 	0 	0 	0 	0.00010919428880023 	0.00297503450770589 	0 	-0.000109197068122784 	0 	2.77932255363801e-09
2.96264126928874 	0.00961826959037253 	0.0120733913122174 	0.00933974069247707 	0.969666716159966 	-0.00337153929850741 	0 	0.910231421442295 	-0.00397326481757669 	0.00282206629716425 	9.39123168178176e-05 	0.00285637485244842 	0 	-9.38965603971863e-05 	0 	-1.57564206312089e-08 	0 	0 	0 	0 	0 	0 	0.00010167888737247 	0.00309373398006932 	0 	-0.000101663186857859 	0 	-1.57005146109143e-08
2.96910327839237 	0.00969714417841538 	0.0122521147092437 	0.00933968324113602 	0.952040545273017 	-0.00309760896073111 	0 	0.897482427367024 	-0.00363286320822814 	0.00272390086684812 	8.60359187323868e-05 	0.0029327518389235 	0 	-8.5943073279355e-05 	0 	-9.28454530318144e-08 	0 	0 	0 	0 	0 	0 	9.42742790889623e-05 	0.00321517647760763 	0 	-9.41745996489117e-05 	0 	-9.96794400505795e-08
2.97533693056215 	0.00979587565753367 	0.0124789051937147 	0.00933838283211328 	0.931801177985325 	-0.00281874597947652 	0 	0.882487467444536 	-0.00327642693517339 	0.00264694502216246 	7.84634552263004e-05 	0.00300271742728765 	0 	-7.83512240059885e-05 	0 	-1.12231220311834e-07 	0 	0 	0 	0 	0 	0 	8.71818730108668e-05 	0.00333914457582887 	0 	-8.70683065121629e-05 	0 	-1.13566498703848e-07
2.98135029556221 	0.00990135803096026 	0.0127598892711856 	0.00933765813978978 	0.908525029710421 	-0.00253259389334457 	0 	0.864601202270107 	-0.00290300422516876 	0.00260758656237672 	7.1490163576072e-05 	0.00306023337562392 	0 	-7.1723521225988e-05 	0 	2.33357649915988e-07 	0 	0 	0 	0 	0 	0 	8.077657810403e-05 	0.00346213778640262 	0 	-8.10598621894377e-05 	0 	2.83284085407668e-07
2.98715115798429 	0.00999537423968391 	0.0130930918452425 	0.00933963536662749 	0.881652589611556 	-0.00223201166372947 	0 	0.843423368496063 	-0.00251682601652021 	0.00252437155696519 	6.76302934503041e-05 	0.00309759861196632 	0 	-6.83195137366565e-05 	0 	6.89220286352411e-07 	0 	0 	0 	0 	0 	0 	7.76309093539676e-05 	0.0035797794824828 	0 	-7.8492700746826e-05 	0 	8.61791392858439e-07
2.99274702732526 	0.0100542019804377 	0.0134583609651836 	0.00933778777695071 	0.850485739281164 	-0.00190899042879971 	0 	0.817508334744348 	-0.00211762846301897 	0.00241736953333832 	5.87304083208262e-05 	0.00311622080743542 	0 	-5.69136433274877e-05 	0 	-1.81676499333845e-06 	0 	0 	0 	0 	0 	0 	6.87412598313545e-05 	0.00369740210411203 	0 	-6.66862525856968e-05 	0 	-2.05500724565769e-06
2.99814514770852 	0.0100491351857587 	0.0138236887670257 	0.00930212737667176 	0.814169080785355 	-0.00167371136268408 	0 	0.785775521665998 	-0.00171018116739797 	0.00227214085691601 	3.3779754095464e-05 	0.0031093115631478 	0 	-1.63838583598198e-05 	0 	-1.73958957356442e-05 	0 	0 	0 	0 	0 	0 	4.01489457703731e-05 	0.00381524971287386 	0 	-1.87465200408235e-05 	0 	-2.14024257295496e-05
3.00335250726192 	0.0099497456095447 	0.0141518321097999 	0.00923468910253128 	0.771424210510533 	-0.00198166409331866 	0 	0.747464229397176 	-0.00130544406732027 	0.00217332915200961 	4.3407008247471e-05 	0.00304697705329185 	0 	-4.32520919864022e-05 	0 	-1.54916261068791e-07 	0 	0 	0 	0 	0 	0 	5.51871243137868e-05 	0.0039167772465515 	0 	-5.64772586352959e-05 	0 	1.29013432150909e-06
