0 	1e-15 	1e-15 	0.169923963772581 	0 	0 	0 	0 	0 	0 	6.1263660197893e-19 	-1.35101066902375e-17 	6.84644708025353e-33 	-2.99337258061317e-19 	-3.14941768118612e-31 	-3.13299343917613e-19 	0 	0 	0 	0 	0 	0 	-8.16043512770668e-06 	-0.000628745247486242 	-7.1368589415509e-19 	1.52610833256219e-05 	-1.46757979338125e-17 	-7.10064819791517e-06
0.00782225935592543 	0.000848601226538742 	0.00918139092576209 	0.169964906109271 	0.0561326199001586 	-6.81155043043596e-05 	4.87829503049922e-17 	0.104919855653349 	7.58140763393454e-05 	0.000923335330801705 	1.80609085116765e-05 	-5.89551723874512e-05 	-7.90029513983042e-20 	-1.4621574392395e-05 	3.59103251649372e-19 	-3.43933411928149e-06 	0 	0 	0 	0 	0 	0 	1.72668117105775e-05 	-0.000680072105714873 	-1.4160188181421e-19 	-1.51006084836665e-05 	1.86614859491506e-18 	-2.16620322691097e-06
0.0159310709790574 	0.00404395690715139 	0.0198596845274336 	0.17007765999561 	0.105022074544133 	0.000150296531478259 	-2.58350572380378e-16 	0.181733301381852 	0.000119971689785954 	0.00112769772027682 	0.000182745861408679 	-0.000420954716646787 	1.8287959502952e-18 	-0.000142843272869848 	-2.87053845785813e-18 	-3.99025885388304e-05 	0 	0 	0 	0 	0 	0 	0.000179286642622515 	-0.000865468333428938 	2.12436345727054e-18 	-0.000139806467954168 	-2.45388546670123e-18 	-3.9480174668347e-05
0.0243369321180946 	0.00853731478897345 	0.026661410625496 	0.170226709012959 	0.133124458018553 	-0.000321904073346227 	-7.92385998176077e-23 	0.225575028592405 	0.000123146081691834 	0.00120603174595456 	0.000395008063782688 	-0.000931443759323403 	1.91822639771401e-18 	-0.000304822434950353 	-3.24927254469236e-18 	-9.01856288323358e-05 	0 	0 	0 	0 	0 	0 	0.000388422955757964 	-0.00117167054800733 	1.91822707579357e-18 	-0.000296719585717898 	-4.73584087359251e-18 	-9.17033700400657e-05
0.0330507245666952 	0.012257287609597 	0.0304484803928151 	0.170315748801625 	0.148088137969147 	-0.00071938457012487 	4.29146362518542e-22 	0.251949594615232 	8.75271639369813e-05 	0.00138820343027466 	0.00048207560783792 	-0.00126511897836703 	2.61869881571656e-23 	-0.000373973752359656 	5.45193170617768e-23 	-0.000108101855478264 	0 	0 	0 	0 	0 	0 	0.000476093643432282 	-0.00139811104496402 	2.9455199289874e-23 	-0.000367644377874351 	5.59830821055457e-23 	-0.00010844926555793
0.0420837287504865 	0.0152357995005916 	0.0330427267785 	0.17033053609004 	0.157913030974449 	-0.00094311781655819 	-4.01835353285387e-22 	0.270709263058673 	1.16486897343996e-05 	0.00160307238485596 	0.000515929157455312 	-0.00151485572659163 	-9.83576220673043e-23 	-0.000398997963529191 	2.05103923172751e-23 	-0.000116931193926121 	0 	0 	0 	0 	0 	0 	0.000510276068812487 	-0.0016045014673165 	-1.00461219651613e-22 	-0.000393624402707659 	2.47006367684286e-23 	-0.000116651666104828
0.0514476383301199 	0.0177636709096064 	0.0348704927385713 	0.170329102794084 	0.165439857004499 	-0.00121761904491811 	-3.46008652292295e-22 	0.284838407093773 	-0.000113112530478255 	0.0018169224353135 	0.000542008627961744 	-0.00176192803102411 	9.85145048629883e-23 	-0.000406588692717574 	-1.94726928242763e-22 	-0.00013541993524417 	0 	0 	0 	0 	0 	0 	0.000535986821247022 	-0.00183082497255234 	9.73147829360281e-23 	-0.000400657376733814 	-2.00834099431681e-22 	-0.000135329444513208
0.0611545753392815 	0.0200049064124103 	0.0362178881379282 	0.170335852806768 	0.171741783631298 	-0.00153469363263349 	8.71928258954935e-22 	0.29611652866308 	-0.000282619630794028 	0.00201395229949593 	0.000575053853648097 	-0.00201510345485725 	-2.42884652369637e-18 	-0.000419072226595857 	4.99148017477511e-18 	-0.00015598162705224 	0 	0 	0 	0 	0 	0 	0.000568823244545455 	-0.0020722413544628 	-2.42883865000381e-18 	-0.000412841218935025 	5.11854211817311e-18 	-0.000155982025610429
0.0712171058772483 	0.0220514856969153 	0.037250732620546 	0.170348986411882 	0.177322735968513 	-0.00187086469789549 	-2.76867949783962e-17 	0.305506625895303 	-0.000489884973199091 	0.00220601693018385 	0.000618236972336642 	-0.0022787460311981 	-1.62242106984581e-17 	-0.000440945749480814 	-4.86582874094489e-18 	-0.000177291222855828 	0 	0 	0 	0 	0 	0 	0.000611919056035202 	-0.00232846984279816 	-1.65767409531206e-17 	-0.000434622540048535 	-4.88487641508413e-18 	-0.000177296515986668
0.0816482563763149 	0.0239592183326323 	0.0380594610510077 	0.170365387649397 	0.182450398364499 	-0.0022222640016946 	7.41513684915226e-18 	0.313510721640464 	-0.000733957945702966 	0.00235735137215637 	0.000669806326114169 	-0.00255473562500025 	1.88359463585635e-17 	-0.000469164266043404 	-1.22975009656751e-17 	-0.000200642060070765 	0 	0 	0 	0 	0 	0 	0.000663432041835037 	-0.00259941228903604 	1.89769199423728e-17 	-0.000462788546831403 	-1.25381734027836e-17 	-0.000200643495003634
0.0924615304651365 	0.0257645747799379 	0.0387108915817656 	0.170384485869658 	0.187282507502123 	-0.00258910929774975 	2.53973592603593e-17 	0.320508848367407 	-0.00100851365848919 	0.00245056569780729 	0.000729361973248477 	-0.00284365368877522 	1.63577781577997e-17 	-0.000503010445526098 	8.5657011624906e-18 	-0.000226351527722379 	0 	0 	0 	0 	0 	0 	0.000722943641589203 	-0.00288470650179761 	1.67063533719308e-17 	-0.000496591939004626 	8.62745732104445e-18 	-0.000226351702584577
0.103670926449831 	0.0274928585017276 	0.0392488944486034 	0.170406649229343 	0.191921153213097 	-0.00297167986174976 	-1.00220711683524e-17 	0.32676324648449 	-0.00131405499950418 	0.00250232338128655 	0.000797503905988848 	-0.00314605725481057 	-1.47247220152316e-17 	-0.000543090049232013 	7.57469108523933e-18 	-0.000254413856756835 	0 	0 	0 	0 	0 	0 	0.000791050991393957 	-0.00318441367435 	-1.48742928645463e-17 	-0.000536637080057041 	7.68934824646687e-18 	-0.000254413911336916
0.115290955435463 	0.0291624818462078 	0.0397053033558182 	0.170432332167745 	0.196437411533884 	-0.00337014447717256 	4.57867823366224e-22 	0.332455210027139 	-0.0016534666180686 	0.00250003783887912 	0.000875082770120633 	-0.00346254041878573 	1.84719618601291e-18 	-0.000590224514688622 	-3.4628968460699e-18 	-0.000284858255432011 	0 	0 	0 	0 	0 	0 	0.000868603024260032 	-0.00349884203030077 	1.84720456857355e-18 	-0.000583744688380866 	-3.50469649933679e-18 	-0.000284858335879166
0.12733666011137 	0.0307873720516017 	0.0401099243321968 	0.170461975171536 	0.200883790025437 	-0.00378471314473653 	-3.91602349401166e-22 	0.337776180705508 	-0.00202523125921048 	0.0024440381724041 	0.000963030697135027 	-0.00379369492481157 	-2.14168933374022e-18 	-0.000645253792618185 	-1.21797478659155e-19 	-0.000317776904516843 	0 	0 	0 	0 	0 	0 	0.000956530296233388 	-0.00382840679335415 	-2.16401992957478e-18 	-0.000638753309372946 	-1.22927090064332e-19 	-0.000317776986860442
0.139823634224651 	0.0323784079771142 	0.0404813521386507 	0.170496050234753 	0.205301144516667 	-0.0042156673489589 	-3.80267520999254e-22 	0.342810390246638 	-0.00242490259408301 	0.00235051759317482 	0.0010623675822532 	-0.00414009923701346 	3.44751051069398e-20 	-0.00070907097563902 	2.21979788800316e-21 	-0.000353296606614179 	0 	0 	0 	0 	0 	0 	0.00105585155576812 	-0.00417357183487427 	3.25028017209571e-20 	-0.000702554871103314 	2.11789790384399e-21 	-0.000353296684664806
0.152768042767026 	0.0339443199371048 	0.0408365735531708 	0.170535076966769 	0.209722796069408 	-0.00466333898381659 	2.75722576506902e-22 	0.34755916574053 	-0.00285153865180771 	0.00219648008875572 	0.00117421366302967 	-0.00450231617684025 	2.20849520891964e-18 	-0.000782649491993199 	1.26698915747134e-19 	-0.000391564171036467 	0 	0 	0 	0 	0 	0 	0.00116768632029731 	-0.0045348226169423 	2.22917363331991e-18 	-0.000776122069909155 	1.27746846950893e-19 	-0.000391564250388151
0.166186642901204 	0.0354922752497508 	0.041194922519238 	0.170579620061087 	0.214177111782515 	-0.00512808911795104 	-5.93134199958306e-23 	0.352036244475243 	-0.00330614946429665 	0.00195267355850751 	0.00129979132605973 	-0.0048808890281024 	-7.0618799097909e-22 	-0.000867047740167176 	8.87603848786252e-22 	-0.000432743585892549 	0 	0 	0 	0 	0 	0 	0.0012932565722877 	-0.00491264850132777 	-7.08371747005698e-22 	-0.000860512900012631 	8.908961955196e-22 	-0.000432743672275064
0.18009680565383 	0.0370282708642611 	0.0415689291837234 	0.17063028509213 	0.218689197008883 	-0.00561029209936643 	-6.89379177301943e-22 	0.35629224373624 	-0.00379222258864682 	0.00160699989672367 	0.00144042413010634 	-0.00527633318172692 	-2.95063712701989e-21 	-0.000963408790935697 	-7.57797886230859e-22 	-0.000477015339170639 	0 	0 	0 	0 	0 	0 	0.00143388570141075 	-0.00530752629123996 	-2.96867988220717e-21 	-0.000956870264629537 	-7.56099298045561e-22 	-0.000477015436781209
0.19451653840313 	0.0385574024324289 	0.0419594507606337 	0.17068771529962 	0.223282053231862 	-0.00611032145938074 	-3.99407370148732e-22 	0.360330397077477 	-0.00430112912544963 	0.00115986933060823 	0.00159753700207757 	-0.00568912546429556 	-1.72638001735315e-21 	-0.00107296142777054 	-1.65186640550003e-21 	-0.000524575574307036 	0 	0 	0 	0 	0 	0 	0.00159099865474774 	-0.00571990460106554 	-1.73754222608168e-21 	-0.00106642296823907 	-1.65253562193179e-21 	-0.000524575686508663
0.209464508190326 	0.0400840510265289 	0.0423533819774062 	0.170752588039916 	0.227977403112076 	-0.00662853580348651 	-3.77990440660497e-22 	0.364145986856706 	-0.00481626418992484 	0.000697497229580271 	0.00177265672823183 	-0.0061196914464279 	-1.94543188854574e-21 	-0.00119702164384655 	-7.31302393212824e-22 	-0.000575635084385271 	0 	0 	0 	0 	0 	0 	0.00176612240279195 	-0.00615018801567366 	-1.95629967300361e-21 	-0.00119048718871551 	-7.32083062417877e-22 	-0.000575635214076439
0.224960065885025 	0.0416120127509251 	0.0427426896720206 	0.170825610009174 	0.232796301907284 	-0.00716526339478051 	-2.23610866401941e-23 	0.367842417156314 	-0.00534835078802129 	0.000263463586673267 	0.00196741103855852 	-0.00656838993007469 	2.9999648499801e-22 	-0.0013369927017387 	2.3230438971834e-22 	-0.000630418336819822 	0 	0 	0 	0 	0 	0 	0.00196088501019635 	-0.00659871950747872 	2.99620237884285e-22 	-0.00133046652379787 	2.30266386292614e-22 	-0.000630418486398474
0.241023271235857 	0.0431445870863863 	0.0431342474780103 	0.170907510606169 	0.2377596069651 	-0.00772078510280799 	2.82116187359349e-22 	0.3714899448721 	-0.00590161753259394 	-0.000132367061297985 	0.00218352836474951 	-0.00703549775096419 	1.51318974938209e-21 	-0.00149436536679433 	1.26967290450674e-22 	-0.000689162997955186 	0 	0 	0 	0 	0 	0 	0.00217701538634962 	-0.00706576383743775 	1.52114929273596e-21 	-0.00148785221674427 	1.27513821701854e-22 	-0.000689163169605341
0.257674918838785 	0.0446846340002172 	0.043552903951984 	0.170999032377244 	0.242888351911515 	-0.00829531515090528 	-3.43858245519859e-22 	0.375183270329248 	-0.00645568349004983 	-0.000425917652774972 	0.00242283271714047 	-0.00752118855395155 	-2.85059292009059e-21 	-0.0016707150301634 	-3.60568085862598e-23 	-0.000752117686977069 	0 	0 	0 	0 	0 	0 	0.00241633816194929 	-0.00755148536248322 	-2.86096892665725e-21 	-0.00166422027959175 	-3.30828415629925e-23 	-0.000752117882357546
0.274936565056721 	0.0462346062153263 	0.0440086427012762 	0.171100918583122 	0.24820405660495 	-0.0088889783779948 	-6.57874991888832e-22 	0.379101719900791 	-0.00701011890987403 	-0.00073776529601424 	0.00268723633571286 	-0.00802550979909844 	-4.70015554081664e-21 	-0.00186769623296896 	-2.58484930047477e-21 	-0.000819540102743904 	0 	0 	0 	0 	0 	0 	0.00268076634431638 	-0.00805592434889831 	-4.72055850033669e-21 	-0.00186122602191156 	-2.58533637665379e-21 	-0.000819540322404822
0.292830555925276 	0.0477965605920197 	0.0444982235355817 	0.171213897474304 	0.253728989446831 	-0.00950178399652937 	1.44957767113536e-22 	0.383276962915031 	-0.00758251899166089 	-0.00115698232617198 	0.002978731970449 	-0.00854835923397071 	1.60989285629138e-21 	-0.00208703672527715 	-4.87433626193702e-21 	-0.000891695245171846 	0 	0 	0 	0 	0 	0 	0.00297229360327266 	-0.00857897293060776 	1.61249316346688e-21 	-0.00208059811477028 	-4.87743259865463e-21 	-0.000891695488502385
0.311380056080784 	0.0493721508864304 	0.0450438627544637 	0.171338661595703 	0.259486394590435 	-0.0101335950997982 	4.99747305714969e-22 	0.38765627275288 	-0.00815241083891289 	-0.00157912399478246 	0.00329937703285708 	-0.0090894539447583 	3.99844452812534e-21 	-0.00233052549381403 	-2.02282163530896e-21 	-0.000968851539043055 	0 	0 	0 	0 	0 	0 	0.0032929784316085 	-0.00912034377516235 	4.01247979686849e-21 	-0.00232412662770811 	-2.02411137948047e-21 	-0.000968851803900383
0.330609078748043 	0.0509626030162105 	0.0456615331400763 	0.171475841473752 	0.265500692805353 	-0.0107840927230366 	4.7930581506504e-22 	0.392285340766999 	-0.00871187826073835 	-0.0019775049682193 	0.00365127380197646 	-0.00964829774897292 	4.06861438688877e-21 	-0.00259999712708017 	1.8998700078038e-21 	-0.00105127667489629 	0 	0 	0 	0 	0 	0 	0.0036449243618505 	-0.00967953717606234 	4.08273419215769e-21 	-0.00259364740483029 	1.89927229038097e-21 	-0.00105127695702021
0.350542516826599 	0.0525686730795225 	0.0463320691342835 	0.171625973220126 	0.271797658969443 	-0.0114527341396193 	4.94102432119118e-22 	0.397164808283709 	-0.00926317708664422 	-0.00223171191655122 	0.0040365430396782 	-0.0102241435611338 	4.5159234072533e-21 	-0.0028973112955847 	1.53002033732172e-21 	-0.0011392317440935 	0 	0 	0 	0 	0 	0 	0.0040302535925977 	-0.0102558031709848 	4.53049780356898e-21 	-0.00289102155587849 	1.52808246088862e-21 	-0.00113923203671921
0.371206175115803 	0.0541905877526009 	0.0470093909115658 	0.171789458858135 	0.278404577127249 	-0.0121387043882657 	1.05625853898925e-21 	0.402278457596173 	-0.00979487292797172 	-0.00234232972949004 	0.00445728873528505 	-0.0108159515768546 	1.03134390226372e-20 	-0.00322432422619677 	3.85116252249561e-21 	-0.00123296450908828 	0 	0 	0 	0 	0 	0 	0.00445107174312222 	-0.0108480995129375 	1.03454331147518e-20 	-0.00321810694031216 	3.8485203657251e-21 	-0.00123296480281007
0.392626803720378 	0.0558279662393008 	0.0476764897791271 	0.171966518011435 	0.285350371007123 	-0.0128408608033764 	1.07410427910527e-21 	0.407645604951968 	-0.0103029844682563 	-0.00243618116194555 	0.00491555493272354 	-0.0114223437613609 	4.53737360042496e-19 	-0.00358285474023951 	-5.28937250267387e-19 	-0.00133270019248404 	0 	0 	0 	0 	0 	0 	0.00490942468910734 	-0.0114550459675358 	4.53769880298025e-19 	-0.0035767242137378 	-5.30565400423339e-19 	-0.00133270047536954
0.414832132679714 	0.05747972265628 	0.048318928626549 	0.172157130582667 	0.292665707184545 	-0.0135576694573559 	4.4821238785935e-19 	0.413349340354315 	-0.0108058402376047 	-0.00252606931941522 	0.00541326746289306 	-0.012041552996181 	8.7542977245588e-18 	-0.00397463620001799 	-2.13283367767848e-18 	-0.00143863126287507 	0 	0 	0 	0 	0 	0 	0.00540724030049049 	-0.0120748732790709 	8.78288698043193e-18 	-0.00396860878121637 	-2.13294903319837e-18 	-0.00143863151927411
0.437850907865752 	0.0591439476581055 	0.0489174719585519 	0.172360972681826 	0.300383064031023 	-0.0142871329406379 	-2.50862507837672e-21 	0.419415663557071 	-0.0113223417211072 	-0.00260363925855176 	0.00595216520881621 	-0.012671369562986 	-3.4815128155058e-19 	-0.00440126406516235 	3.09613299050608e-19 	-0.00155090114365385 	0 	0 	0 	0 	0 	0 	0.00594625970210877 	-0.0127053694716327 	-3.48409953796333e-19 	-0.00439535834852667 	3.10020594258686e-19 	-0.0015509013535821
0.44472053203719 	0.0596258535829742 	0.0490745940070487 	0.172423321026811 	0.30273059915822 	-0.0145002966242624 	-5.5486706583972e-22 	0.421247272004672 	-0.0114639449622581 	-0.00263369055735201 	0.00611962187253062 	-0.0128549990528776 	-1.01357523205369e-17 	-0.00453455045441454 	1.05948180576952e-17 	-0.00158507141811608 	0 	0 	0 	0 	0 	0 	0.00611375746006722 	-0.0128892116677042 	-1.01403166183087e-17 	-0.00452868585144035 	1.06220548118839e-17 	-0.00158507160862687
0.461712928195905 	0.0608178191424461 	0.0494630867737145 	0.172577068975746 	0.308533775613236 	-0.0150249407608748 	-5.39757098079531e-22 	0.425772078656228 	-0.0118131542658052 	-0.00271105295712206 	0.00653415294811521 	-0.0133091171054049 	-3.46168825910769e-17 	-0.00486484723762212 	3.63514793896291e-17 	-0.0016693057104931 	0 	0 	0 	0 	0 	0 	0.00652839044544833 	-0.0133438560401418 	-3.46316687568616e-17 	-0.00485908460614236 	3.64461474846032e-17 	-0.00166930583930597
0.486449084209191 	0.0624973392327658 	0.0499649486130779 	0.17280442602751 	0.31715571518592 	-0.0157687922948391 	-5.09144680481113e-17 	0.43241686306466 	-0.0122646105563193 	-0.00289286294751759 	0.00716020019654652 	-0.0139515823036617 	-5.46877096363885e-16 	-0.00536630630103662 	-1.17680338978842e-16 	-0.0017938938955099 	0 	0 	0 	0 	0 	0 	0.007154604286693 	-0.0139871163574036 	-5.48360652297102e-16 	-0.00536071036634551 	-1.17598248865499e-16 	-0.00179389392034749
0.512091398055536 	0.0641771896773317 	0.0504598392290292 	0.173041466334739 	0.32628796950789 	-0.0165155294198082 	1.15688740394876e-18 	0.439252109767331 	-0.0127100967787261 	-0.00302326882726814 	0.00783076572353917 	-0.014594940645529 	6.21565584252574e-17 	-0.00590613819635646 	-6.60160114323191e-17 	-0.00192462752718271 	0 	0 	0 	0 	0 	0 	0.00782536246434928 	-0.0146313219611203 	6.21188035722255e-17 	-0.0059007350343199 	-6.61998870818254e-17 	-0.00192462743002938
0.53867306494999 	0.0658505551958185 	0.0509712924508757 	0.173285876997022 	0.335969952744257 	-0.0172605094183925 	5.10835582662322e-17 	0.446324774293057 	-0.0131827217692921 	-0.00294168479183049 	0.00854583962046984 	-0.0152347670221048 	5.39052218936794e-16 	-0.0064845987162643 	1.17484205122548e-16 	-0.00206124090420555 	0 	0 	0 	0 	0 	0 	0.00854065767787025 	-0.0152720430402634 	5.40487251258574e-16 	-0.00647941701065643 	1.17409041015971e-16 	-0.00206124066721383
0.566228496145544 	0.0675088864051673 	0.0515095734105506 	0.17353466118789 	0.346242368539223 	-0.0179982326857385 	-1.90348973902263e-18 	0.453692942368472 	-0.0136705465918793 	-0.0027844977700747 	0.00930464399818575 	-0.0158660517036802 	-4.71034189259036e-17 	-0.00710131535548589 	2.43579997829989e-17 	-0.00220332864269985 	0 	0 	0 	0 	0 	0 	0.00929971445375007 	-0.0159042640395479 	-4.71397324668456e-17 	-0.00709638619934936 	2.44504562938988e-17 	-0.00220332825440072
0.594793363480155 	0.069141669010395 	0.0520645968292257 	0.173784100016892 	0.357146854969745 	-0.0187223016638543 	1.0936215306303e-21 	0.461348150163704 	-0.0141050729449049 	-0.00278845856587487 	0.0101054817701663 	-0.0164832641875655 	1.53109879155871e-18 	-0.00775515762393699 	-1.56553070934344e-18 	-0.00235032414622932 	0 	0 	0 	0 	0 	0 	0.0101008377020337 	-0.0165224473419377 	1.531128653475e-18 	-0.0077505140971599 	-1.56949314627016e-18 	-0.00235032360487384
0.624404645555666 	0.0707361933096092 	0.052617858471485 	0.174029782057895 	0.36872554308197 	-0.0194254169018629 	8.57118999352783e-22 	0.46948502921205 	-0.014452712124266 	-0.00288531184636944 	0.0109455590087582 	-0.017080485882849 	8.54133504145537e-21 	-0.00844407563137171 	5.843142757555e-21 	-0.0025014833773865 	0 	0 	0 	0 	0 	0 	0.010941234733263 	-0.0171206658095652 	8.565414930164e-21 	-0.00843975205281855 	5.84375911636886e-21 	-0.00250148268044448
0.655100675608399 	0.0722773389279042 	0.0531153034167003 	0.174266769047853 	0.381020505624775 	-0.0200994466729841 	-3.30000930426653e-22 	0.478151994946608 	-0.0146992975351748 	-0.00295671355616335 	0.0118209900984226 	-0.0176517283313781 	-6.27290472070883e-21 	-0.00916505642280046 	1.41431943710821e-20 	-0.00265593367562215 	0 	0 	0 	0 	0 	0 	0.0118170198544841 	-0.0176929209695632 	-6.28071018470121e-21 	-0.00916108700043165 	1.41476943363655e-20 	-0.00265593285405241
0.686921191133374 	0.0737473919761292 	0.0535159580324071 	0.174489868365766 	0.394073179717023 	-0.0207356699323655 	-2.12419267021464e-21 	0.487154794922115 	-0.0148625942710489 	-0.00302006417635804 	0.012726922895088 	-0.0181914273587987 	-2.40271148204382e-20 	-0.00991417570403954 	1.7464377163553e-21 	-0.00281274719104843 	0 	0 	0 	0 	0 	0 	0.0127233389171429 	-0.0182336374933962 	-2.40854742183663e-20 	-0.00991059256965571 	1.7487419980629e-21 	-0.00281274634748722
0.719907385326428 	0.0751259120365242 	0.0538565239977167 	0.174694210427555 	0.407923957005202 	-0.0213251255991914 	-2.57432111720939e-23 	0.496509569376323 	-0.0150108550433203 	-0.00319191766768363 	0.0136576412278792 	-0.0186949184409134 	1.73876083593015e-21 	-0.01068669794327 	-1.77978975473388e-21 	-0.00297094328460923 	0 	0 	0 	0 	0 	0 	0.0136544713237913 	-0.0187381390776397 	1.73741465532553e-21 	-0.0106835289446462 	-1.78510214056814e-21 	-0.0029709423791451
0.754101960410786 	0.0763896661540396 	0.0541638411196842 	0.174876597436115 	0.422611853836877 	-0.0218589685266532 	1.37852473444956e-21 	0.506282030644578 	-0.0151712757303785 	-0.00334172021037731 	0.0146073430149952 	-0.0191600137369181 	1.34489771718182e-20 	-0.0114773479473717 	9.26093928261616e-21 	-0.0031299950676235 	0 	0 	0 	0 	0 	0 	0.0146046064663166 	-0.0192042268368865 	1.34849567996598e-20 	-0.0114746121529052 	9.26060744696182e-21 	-0.00312999431341137
0.789549182917168 	0.0775126123946587 	0.0543867296091115 	0.175036099329011 	0.438175145069139 	-0.0223300490336049 	-1.31352251738314e-21 	0.516459378522419 	-0.0153002420960593 	-0.00321949685812174 	0.0155738053220208 	-0.0195879917688055 	-1.68905318857965e-20 	-0.0122842405561431 	-6.78737502915185e-21 	-0.00328956476587776 	0 	0 	0 	0 	0 	0 	0.0155715098191692 	-0.0196331732258772 	-1.6927156530456e-20 	-0.0122819472001787 	-6.7801639509954e-21 	-0.00328956261899056
0.826294940988941 	0.0784658244315225 	0.0544436110837584 	0.175175699664508 	0.45465407603745 	-0.0227312242822222 	-2.33834431518408e-21 	0.526905862617564 	-0.0153527697624613 	-0.00287509143860948 	0.0165493741213523 	-0.019977741140524 	1.21023853407885e-17 	-0.0131016732732924 	-1.0439206987498e-17 	-0.00344770084805992 	0 	0 	0 	0 	0 	0 	0.0165475154211875 	-0.020023855463985 	1.210232634939e-17 	-0.0130998236966335 	-1.04637561423314e-17 	-0.00344769172455397
0.864386803786546 	0.0792176128646305 	0.0543699078823975 	0.175287135560916 	0.472083402104949 	-0.023055969475483 	1.95540744693978e-17 	0.5373831632683 	-0.0153471265346094 	-0.00243926123154921 	0.0175089147946035 	-0.020350113675392 	2.19027389607458e-16 	-0.0138933304999749 	1.29381321859189e-16 	-0.00361558429462856 	0 	0 	0 	0 	0 	0 	0.0175074359622319 	-0.0203971020333147 	2.19582656009566e-16 	-0.0138918454423021 	1.29354492020524e-16 	-0.0036155905199298
0.903874083068074 	0.0797337029790351 	0.0542185912464417 	0.175278064475787 	0.490495084045103 	-0.0233416469507052 	-9.05724791993125e-19 	0.548290191174891 	-0.0153056130084877 	-0.00204217610438395 	0.0184289856879178 	-0.0207134608813879 	-2.43304991081774e-17 	-0.0146525482416297 	1.56731333544698e-17 	-0.0037764374462881 	0 	0 	0 	0 	0 	0 	0.0184278189104943 	-0.0207612855328532 	-2.43335346360224e-17 	-0.0146513610040515 	1.57190675020163e-17 	-0.00377645790644284
0.944807897025723 	0.0799767188307819 	0.0539120101911598 	0.175121008705455 	0.509933437450755 	-0.0235677535102766 	-1.93652650596375e-17 	0.560033836512848 	-0.0151908914143735 	-0.00162987457483546 	0.0190191353804868 	-0.0210629308294616 	-2.08977825021211e-16 	-0.0151806233271164 	-1.25989207720637e-16 	-0.00383851205337042 	0 	0 	0 	0 	0 	0 	0.0190182655172684 	-0.0211116388945934 	-2.09506553283878e-16 	-0.0151797680050134 	-1.25963690186291e-16 	-0.00383849751225495
0.987241236460763 	0.0799104033396368 	0.0534569642998946 	0.175000246148536 	0.530521620451849 	-0.0237100293891103 	2.40814922078365e-21 	0.57258553313065 	-0.0149550397237588 	-0.000835912563216525 	0.0197282280237586 	-0.0214257867570533 	1.05433023711867e-17 	-0.0157783022140625 	-8.96188699740612e-18 	-0.00394992580969616 	0 	0 	0 	0 	0 	0 	0.0197275707672067 	-0.0214753490480943 	1.05433654267199e-17 	-0.0157776742182352 	-8.98297407817548e-18 	-0.00394989654897149
1.0312290333827 	0.0794903353769892 	0.0528532053909149 	0.174942583440315 	0.552269391297841 	-0.0238402734482676 	-1.55720756854232e-21 	0.585665065668803 	-0.0145684701410341 	0.000412705430964605 	0.0206238497545838 	-0.0217055143201978 	-2.17105628189985e-20 	-0.0164816992475852 	9.70928025065899e-21 	-0.00414215050699857 	0 	0 	0 	0 	0 	0 	0.0206233284751831 	-0.0217556604224855 	-2.1753043638908e-20 	-0.0164811731644945 	9.7160301522784e-21 	-0.00414215531068858
1.07682823212141 	0.0786659001659448 	0.0520496420635638 	0.174662376132601 	0.575036624684448 	-0.0239602967275185 	-2.46452528858094e-21 	0.599007118284719 	-0.0140324912634253 	0.00154971777517733 	0.0212325961845282 	-0.0217433440748025 	-2.81705247734343e-20 	-0.0169949121615119 	1.71502282015691e-21 	-0.00423768402301635 	0 	0 	0 	0 	0 	0 	0.0212322903450368 	-0.0217936736875371 	-2.82337376176015e-20 	-0.0169945828059444 	1.71942939605597e-21 	-0.00423770753909243
1.12409786304433 	0.0773960550167036 	0.0510818330034615 	0.173964874229208 	0.598676821041397 	-0.0240096962627889 	-3.50071695633074e-21 	0.612868709300494 	-0.0133616885188049 	0.00219581223057598 	0.0214430301678232 	-0.0214146816949424 	-3.49126076770359e-20 	-0.0172336802380051 	-2.47885313051309e-20 	-0.00420934992981805 	0 	0 	0 	0 	0 	0 	0.0214432185380916 	-0.0214647532124915 	-3.50020319213609e-20 	-0.0172338577782317 	-2.47854043376485e-20 	-0.00420936075985988
1.17309911897413 	0.0756560789684269 	0.0499837669861119 	0.172965577883872 	0.622916076181488 	-0.0238659336000202 	-2.4942059045296e-21 	0.627208362884891 	-0.012611328832707 	0.00270307962702044 	0.0214042899467685 	-0.0206652692875349 	-1.97481890780312e-20 	-0.017293234549392 	-5.61008394576478e-20 	-0.00411105539737647 	0 	0 	0 	0 	0 	0 	0.0214053759127535 	-0.0207146501154429 	-1.98163047624593e-20 	-0.0172943390645031 	-5.61032721884551e-20 	-0.0041110368482504
1.22389543440576 	0.0734358470112088 	0.0487412871133889 	0.171896077492355 	0.647470378159827 	-0.0234064923219111 	5.94389468797141e-23 	0.641866016463825 	-0.0118561565537455 	0.00330110244734617 	0.0215658138833547 	-0.0196770426411174 	4.76835817691466e-21 	-0.017430550736221 	1.74323653841284e-21 	-0.00413526314713366 	0 	0 	0 	0 	0 	0 	0.0215679440637799 	-0.0197254444432615 	4.77409651956561e-21 	-0.0174327004053837 	1.73781454778917e-21 	-0.00413524365839625
1.2765525676255 	0.0707279431658935 	0.0472910260455168 	0.170720931438043 	0.672250788565573 	-0.0226743107116753 	2.09196169951306e-21 	0.657074897832979 	-0.0110503180398524 	0.00354435652126589 	0.0218412698052991 	-0.0185919512682445 	2.45536273046888e-20 	-0.0176542496921812 	1.57427257881965e-20 	-0.0041870201131179 	0 	0 	0 	0 	0 	0 	0.0218443610195285 	-0.0186391689448859 	2.46196008746805e-20 	-0.0176573314239926 	1.57410291567167e-20 	-0.00418702959553588
1.33113868583821 	0.0675314785425559 	0.0455364682594184 	0.169161519497678 	0.697147456218885 	-0.0216584917572647 	-4.8405970024274e-22 	0.672826969744508 	-0.0100937019507447 	0.00361025865681233 	0.0214852237117939 	-0.0172027491145288 	-1.1824779738826e-21 	-0.0174853041743696 	-4.93110396689661e-21 	-0.00399991953742436 	0 	0 	0 	0 	0 	0 	0.0214893966869843 	-0.0172482825551494 	-1.18989372140427e-21 	-0.0174895569239635 	-4.93091496903527e-21 	-0.00399983976302081
1.3877244534131 	0.0639013946683622 	0.043467303387332 	0.167125206660963 	0.721697367000866 	-0.0201127525414335 	2.79522471698223e-21 	0.688753644518121 	-0.00899319820165117 	0.00386376495730852 	0.0201569869568914 	-0.0158585377876422 	2.95032979326966e-20 	-0.0164057806278893 	2.12738136880152e-20 	-0.00375120632900209 	0 	0 	0 	0 	0 	0 	0.0201616982466026 	-0.0159017165413063 	2.95799187040942e-20 	-0.0164104765953683 	2.12671618593579e-20 	-0.00375122165123431
1.44638312336215 	0.059977942893093 	0.0411791700724071 	0.163422856522923 	0.745565568592652 	-0.0188232112974671 	5.94263003514438e-21 	0.704904976972037 	-0.00775818148687235 	0.004107325201253 	0.0181450577549585 	-0.0149627588936298 	6.12237405569853e-20 	-0.014672400647027 	6.97130013145506e-21 	-0.00347265710793146 	0 	0 	0 	0 	0 	0 	0.0181495261465241 	-0.0150036266976568 	6.13836134934138e-20 	-0.0146766038084985 	6.96570932095151e-21 	-0.00347292233802561
1.50719063216969 	0.0559011159197924 	0.038747095573908 	0.156989621261402 	0.769221755837465 	-0.0176365084508832 	4.43001870917299e-21 	0.721616635063057 	-0.00636645408324443 	0.00398443674134649 	0.0109304523921792 	-0.0147550517367064 	5.12108611925902e-20 	-0.00909674478230333 	-1.03010067345297e-22 	-0.00183370760987584 	0 	0 	0 	0 	0 	0 	0.0109358329060411 	-0.0147939812248773 	5.13419036506818e-20 	-0.00910210519843483 	-1.02886018407951e-22 	-0.00183372770760632
1.57022569809586 	0.0518500991977029 	0.0362357907833043 	0.150541581284466 	0.792772388020393 	-0.0152771428275397 	3.33112797648949e-21 	0.738550623298322 	-0.00487376730827576 	0.00331006112117521 	0.00380235405176006 	-0.0144487753947411 	3.86229841675225e-20 	-0.00361294370487189 	2.00723916665046e-21 	-0.000189410346888169 	0 	0 	0 	0 	0 	0 	0.00380851531393581 	-0.014485461984521 	3.87199543731442e-20 	-0.00361938193209203 	2.01078932968155e-21 	-0.000189133381843781
1.63556992308116 	0.0479722675207502 	0.0336959007664045 	0.147131002624599 	0.815392159664109 	-0.0130703194680339 	-2.13949216227192e-21 	0.755119440592072 	-0.0034119947690903 	0.00248009088040456 	0.00235586452652158 	-0.0132895968205267 	-2.43510175794157e-20 	-0.00228313411992335 	1.81257321952847e-21 	-7.27304065982338e-05 	0 	0 	0 	0 	0 	0 	0.00236107561503032 	-0.0133234116791563 	-2.44123750077324e-20 	-0.00228836713951228 	1.81524943143496e-21 	-7.27084755180436e-05
1.70330789838417 	0.0443141184607309 	0.0311810071164547 	0.145481381749594 	0.836545518570024 	-0.0116001249781792 	3.43470408131709e-21 	0.7714356349339 	-0.00207457241313546 	0.0018552491927825 	0.0018294155744093 	-0.0119326608231 	3.97239401275675e-20 	-0.00173902115410398 	-9.28984485386137e-22 	-9.03944203053245e-05 	0 	0 	0 	0 	0 	0 	0.00183373931233764 	-0.0119633093675685 	3.98260749051097e-20 	-0.0017432151617338 	-9.33813343407642e-22 	-9.05241506038317e-05
1.77352731408897 	0.0409091269939311 	0.0288347773483181 	0.143732900182351 	0.85618721521463 	-0.0100987151980973 	4.51556427546134e-21 	0.787357870146509 	-0.000915619665156022 	0.00149831337411258 	0.00156046083949107 	-0.0106719196610681 	4.69148042266867e-20 	-0.00153443910565876 	2.7387156648648e-21 	-2.60217338323087e-05 	0 	0 	0 	0 	0 	0 	0.00156426104685276 	-0.0106994628137088 	4.703447686281e-20 	-0.0015382295364587 	2.74039569406202e-21 	-2.60315103940523e-05
1.84631907262422 	0.0377727950386463 	0.0266925563109613 	0.141895972202124 	0.874246687504675 	-0.00874149757832201 	-1.70430322955346e-21 	0.80237637241878 	3.22515284663028e-05 	0.00101040250399549 	0.00130105053175463 	-0.00952323584658106 	-2.61810807315382e-20 	-0.00128925618005129 	7.35530072583887e-22 	-1.17943517033402e-05 	0 	0 	0 	0 	0 	0 	0.00130430937375334 	-0.00954782528460583 	-2.62489522581504e-20 	-0.00129251269081987 	7.35895803342295e-22 	-1.17966829334725e-05
1.92177740644075 	0.0349206809624246 	0.0246923940515569 	0.140031249547595 	0.890725406458164 	-0.00755195497335988 	6.3417430478284e-21 	0.816666910098496 	0.000848921142946524 	0.000131936909517791 	0.00109496736030942 	-0.00843659361603214 	8.14354697319752e-20 	-0.00109081472189407 	-2.28423997570017e-21 	-4.1526384153485e-06 	0 	0 	0 	0 	0 	0 	0.00109776125822849 	-0.00845844353687153 	8.16472888769926e-20 	-0.00109360889325001 	-2.29011748073845e-21 	-4.15236497847596e-06
2 	0.0326240890711576 	0.0230589620662862 	0.138404418385675 	0.904043868555158 	-0.00658912560959346 	7.05429835261253e-21 	0.828678657870353 	0.00150438793008447 	-0.000797058407144577 	0.000935292686476783 	-0.00751208620915398 	9.25681721802081e-20 	-0.000932082541808252 	1.79236614271155e-21 	-3.21014466853153e-06 	0 	0 	0 	0 	0 	0 	0.000937718487575362 	-0.0075317434092369 	9.28088319586448e-20 	-0.000934505515626005 	1.79712009242523e-21 	-3.21297194935719e-06
2.04048019216691 	0.0311426756368551 	0.0219998962109915 	0.137269428139922 	0.912626672295357 	-0.00600373235851626 	0 	0.836469353029499 	0.00182620566694586 	-0.00146635866949317 	0.000834141549374428 	-0.00688778896961008 	-6.65780891881223e-25 	-0.000831465261341667 	2.16441092699864e-21 	-2.67628803276054e-06 	0 	0 	0 	0 	0 	0 	0.000836348764979919 	-0.00690604848218851 	-6.65780942725664e-25 	-0.000833666472973482 	2.17011335960563e-21 	-2.68229200643718e-06
2.07952987991697 	0.0300259696803745 	0.021232666700264 	0.13637586901196 	0.919020724042056 	-0.00556014761252568 	0 	0.842160233642468 	0.00203262796958654 	-0.00181734013670083 	0.000767560730281557 	-0.00641264266881729 	0 	-0.000767805975423994 	0 	2.45245142436738e-07 	0 	0 	0 	0 	0 	0 	0.000769620809810811 	-0.00642988159641375 	0 	-0.000769867525317626 	0 	2.46715506814808e-07
2.11719961495896 	0.0289953123837432 	0.020551049772051 	0.135538776818393 	0.9248298003333 	-0.00516408054012701 	0 	0.847334637588661 	0.0021900600887211 	-0.00194942497510484 	0.000705343845484059 	-0.00597072655530931 	0 	-0.000704767043164594 	0 	-5.76802319465276e-07 	0 	0 	0 	0 	0 	0 	0.000707268195465785 	-0.00598704755966604 	0 	-0.000706690796286242 	0 	-5.77399179543458e-07
2.15353816258619 	0.0280366113309896 	0.0199012991276766 	0.134750338648404 	0.930119651961109 	-0.00480526938058049 	0 	0.852102960170886 	0.00231253762143365 	-0.0021203976653658 	0.000652286909164241 	-0.00555411518924965 	0 	-0.000651510421597218 	0 	-7.76487567023383e-07 	0 	0 	0 	0 	0 	0 	0.000654096389054545 	-0.00556959325321789 	0 	-0.000653319798681616 	0 	-7.76590372929702e-07
2.1885925648055 	0.0271386275871358 	0.0192824985189173 	0.134007647821118 	0.934944687368368 	-0.00447903311903142 	0 	0.856566613261532 	0.00239393607101003 	-0.00236531167453367 	0.000604862220606339 	-0.00515959383725633 	0 	-0.000603801096026593 	0 	-1.06112457974614e-06 	0 	0 	0 	0 	0 	0 	0.000606572716133105 	-0.00517428859304021 	0 	-0.000605511432008466 	0 	-1.0612841246393e-06
2.22240820123539 	0.0262923952087826 	0.0186970568602077 	0.133308206380396 	0.939349995514132 	-0.0041806801106379 	0 	0.860798681427042 	0.00244312573098197 	-0.00264003651922057 	0.000560946514715236 	-0.00478459179773368 	0 	-0.000560075784084981 	0 	-8.70730630254432e-07 	0 	0 	0 	0 	0 	0 	0.00056257311361378 	-0.0047985499754962 	0 	-0.000561702331464977 	0 	-8.7078214880304e-07
2.25502884785218 	0.0254907538721806 	0.0181412160975195 	0.13265056831642 	0.943373247354732 	-0.00390605431195064 	0 	0.864829795398686 	0.00248103622496816 	-0.00290062465545069 	0.000521063819752703 	-0.00442678911827696 	0 	-0.000520644357332806 	0 	-4.19462419897144e-07 	0 	0 	0 	0 	0 	0 	0.000522619574763804 	-0.00444004707109462 	0 	-0.000522200225745193 	0 	-4.19349018610735e-07
2.28649673366009 	0.0247279597285024 	0.0176290122238105 	0.132033598291521 	0.947046368364515 	-0.00365195398169851 	0 	0.868622445370616 	0.00251620464229068 	-0.0030777586796183 	0.000485983986147146 	-0.00408430669371268 	0 	-0.000485863297721757 	0 	-1.20688425388718e-07 	0 	0 	0 	0 	0 	0 	0.000487479729628478 	-0.00409689213419279 	0 	-0.000487359117044211 	0 	-1.20612584267137e-07
2.31685259535872 	0.0239993756564669 	0.0171646590161477 	0.131455331935862 	0.950396427295839 	-0.0034157449042775 	0 	0.872188609552941 	0.00254880830250891 	-0.00318771141425687 	0.000455276934172047 	-0.00375569635414474 	0 	-0.000455164769958901 	0 	-1.12164213146224e-07 	0 	0 	0 	0 	0 	0 	0.000456722183955889 	-0.00376762922692237 	0 	-0.000456610015686711 	0 	-1.12168269178114e-07
2.34613573007873 	0.0233012358995914 	0.016734335061334 	0.130913409182221 	0.953446418113197 	-0.00319502696111459 	0 	0.87561652293635 	0.00258203043539854 	-0.00325291693722766 	0.000427651605698546 	-0.0034398789843904 	0 	-0.000427596646964108 	0 	-5.49587344378898e-08 	0 	0 	0 	0 	0 	0 	0.000429054962908063 	-0.00345117219873682 	0 	-0.000429000010674485 	0 	-5.49522335778636e-08
2.3743840462538 	0.0226304695781563 	0.0163299646335417 	0.130405725215107 	0.956215922836989 	-0.00298777075307306 	0 	0.87889057379575 	0.00261187183392197 	-0.00324235079574297 	0.000402865695210275 	-0.00313585470895179 	0 	-0.000402827317366491 	0 	-3.83778437843505e-08 	0 	0 	0 	0 	0 	0 	0.000404234720772097 	-0.00314651478143429 	0 	-0.000404196375954996 	0 	-3.83448171014511e-08
2.40163411269502 	0.021984556487394 	0.0159642375081137 	0.129930380711132 	0.958721619825155 	-0.00279229072149156 	0 	0.881984656100082 	0.00263127695899333 	-0.00319498703826487 	0.0003803625532726 	-0.00284284282843971 	0 	-0.000380339095179347 	0 	-2.34580932525946e-08 	0 	0 	0 	0 	0 	0 	0.000381703930119602 	-0.0028528702206627 	0 	-0.000381680519138381 	0 	-2.34109812209675e-08
2.42792120593089 	0.0213614170910327 	0.015644772590668 	0.129485530627945 	0.960977656381078 	-0.00260713028322364 	0 	0.884739462608194 	0.00264447647249811 	-0.00308803875893855 	0.000359945825128323 	-0.00256012420499916 	0 	-0.000359904565554477 	0 	-4.12595738456367e-08 	0 	0 	0 	0 	0 	0 	0.000361265465589641 	-0.00256951345174525 	0 	-0.000361224245048701 	0 	-4.1220540940481e-08
2.45327935587456 	0.0207593254391885 	0.0153618964934632 	0.129069328682548 	0.962995949943439 	-0.00243107606336116 	0 	0.887085966637312 	0.00265382744149447 	-0.00290163939927009 	0.000341200707296308 	-0.00228711703001821 	0 	-0.000341137847363632 	0 	-6.28599326759134e-08 	0 	0 	0 	0 	0 	0 	0.000342503884749602 	-0.00229585667949065 	0 	-0.000342441044635301 	0 	-6.28401143008132e-08
2.47774138987717 	0.020176843143103 	0.015105906622841 	0.128679996838426 	0.964786394205015 	-0.00226305537160098 	0 	0.889043026858305 	0.00265497673719363 	-0.00271293422410547 	0.000323730453725083 	-0.00202332068057944 	1.77049507475214e-20 	-0.000323691799932649 	-1.17563169427016e-16 	-3.86537924338662e-08 	0 	0 	0 	0 	0 	0 	0.000325021898441523 	-0.00203139311592555 	1.77049534938575e-20 	-0.000324983279179855 	-1.18042804302095e-16 	-3.86192616677266e-08
2.50133897522445 	0.0196127687324292 	0.0148706155999673 	0.128315944511698 	0.966357057923821 	-0.00210215579642364 	2.35584018121434e-16 	0.89067452705546 	0.00264919397994559 	-0.00254629742907567 	0.000307432886045863 	-0.00176827355434465 	6.06545809686098e-15 	-0.000307425761411258 	-1.01375511210511e-17 	-7.12463460482898e-09 	0 	0 	0 	0 	0 	0 	0.000308716761523965 	-0.00177565476709298 	6.09138358117419e-15 	-0.000308709689954512 	-1.01580562640029e-17 	-7.07156945263998e-09
2.52410266013155 	0.0190660970932164 	0.0146499519142172 	0.127975688401367 	0.967714339375105 	-0.00194762093608861 	-4.93561800880331e-18 	0.89200906328577 	0.00264116305915074 	-0.00241016452852692 	0.000292203649837531 	-0.00152156869867568 	7.50501696142474e-17 	-0.000292206965467619 	2.29264754108891e-16 	3.31563008795301e-09 	0 	0 	0 	0 	0 	0 	0.000293483645762109 	-0.0015282278688723 	7.40951740232166e-17 	-0.000293487016021201 	2.30270582231817e-16 	3.37025909181915e-09
2.54606191328919 	0.0185359884864975 	0.0144412218764806 	0.12765776956609 	0.968863054221119 	-0.00179879759213996 	-2.40333870738823e-16 	0.893089443809654 	0.00263364536334968 	-0.00229058659947332 	0.000277875678100889 	-0.00128284740186145 	-5.98568132056759e-15 	-0.000277883741001497 	1.04710515734369e-17 	8.06290060798619e-09 	0 	0 	0 	0 	0 	0 	0.000279155117201482 	-0.001288746244707 	-6.01254120234566e-15 	-0.000279163237178822 	1.04919422610735e-17 	8.11997733965984e-09
2.56724516201227 	0.0180217457137159 	0.0142435213451005 	0.12736077853989 	0.969806480912482 	-0.00165511903589685 	0 	0.893939907127718 	0.0026283381778799 	-0.00214891795442598 	0.000264294055269416 	-0.00105178842848335 	2.22112636538336e-21 	-0.0002643067337326 	-1.11377548972559e-16 	1.2678463184537e-08 	0 	0 	0 	0 	0 	0 	0.000265575928695785 	-0.00105688037882084 	2.22112778302259e-21 	-0.000265588677353877 	-1.11903359987546e-16 	1.27486580919683e-08
2.58767982904046 	0.0175227972286676 	0.0140562936801966 	0.127083389542783 	0.970546387338986 	-0.00151609890076688 	0 	0.89448392402254 	0.00262488597972321 	-0.00194626113950772 	0.000251339462072673 	-0.000828090413912511 	0 	-0.000251356445887156 	0 	1.69838144826455e-08 	0 	0 	0 	0 	0 	0 	0.000252626456724496 	-0.000832319677384845 	0 	-0.000252643530612753 	0 	1.70738882573308e-08
2.60739236803822 	0.0170386848469938 	0.0138789541061417 	0.126824360467404 	0.971083043088727 	-0.0013813212228955 	0 	0.894691747072446 	0.00262319150124017 	-0.00170449715260221 	0.000238917848483504 	-0.000611473497830725 	0 	-0.000238938613961699 	0 	2.07654781956395e-08 	0 	0 	0 	0 	0 	0 	0.000240212380491403 	-0.000614773918982454 	0 	-0.000240233259775686 	0 	2.08792842832798e-08
2.62640829784037 	0.0165690552037456 	0.0137122598218755 	0.126582523197562 	0.971415203220446 	-0.00125042825202479 	0 	0.894587278111641 	0.00262030373728341 	-0.00144999181308266 	0.000226952138960257 	-0.000401679384612754 	0 	-0.000226976863991328 	0 	2.47250310709138e-08 	0 	0 	0 	0 	0 	0 	0.000228256380609244 	-0.000403973076525527 	0 	-0.000228281248694159 	0 	2.48680849157054e-08
2.64475223548742 	0.0161136542695346 	0.01355956990537 	0.126356779964056 	0.971540064734858 	-0.00112311262929968 	0 	0.894156015386787 	0.00261237396584003 	-0.00117887403637989 	0.000215381907318116 	-0.000198467988321531 	0 	-0.000215410822713266 	0 	2.89153951504873e-08 	0 	0 	0 	0 	0 	0 	0.000216697801180104 	-0.000199663698187237 	0 	-0.00021672689523753 	0 	2.90940574263993e-08
2.66244792809357 	0.015672324352427 	0.0134212474517256 	0.126146100334936 	0.971453199609044 	-0.00099911205267625 	0 	0.893350279099152 	0.00259725686934536 	-0.000900912856658853 	0.000204160080586953 	-1.61729653525517e-06 	0 	-0.000204193465638595 	0 	3.33850516421932e-08 	0 	0 	0 	0 	0 	0 	0.000205489347556694 	-1.60848475307286e-06 	0 	-0.000205522954124553 	0 	3.3606567859088e-08
2.67951828358848 	0.0152450030910465 	0.0132986080401652 	0.125949517429413 	0.971148467173503 	-0.00087820364808726 	0 	0.89220307331912 	0.00257899308284349 	-0.000635123136795812 	0.000193248404220929 	0.000189079987082746 	0 	-0.00019328673624088 	0 	3.83320199504874e-08 	0 	0 	0 	0 	0 	0 	0.00019459254453698 	0.000190417393204277 	0 	-0.000194631149664852 	0 	3.86051278717446e-08
2.69598540037265 	0.0148317239699016 	0.01319227375418 	0.125766122854596 	0.970617903698678 	-0.000760200615088254 	0 	0.890733495108683 	0.00256392654615471 	-0.000383068236212595 	0.000182617212710469 	0.000373811621660843 	0 	-0.000182660163178656 	0 	4.29504681871473e-08 	0 	0 	0 	0 	0 	0 	0.000183977489084848 	0.000376621846782077 	0 	-0.000184020768420014 	0 	4.32793351661999e-08
2.71187059592494 	0.0144326179149202 	0.0130977215514186 	0.125595058854952 	0.969851590159189 	-0.000644952639662335 	0 	0.888937136737466 	0.00255353555069412 	-0.000110682521805924 	0.000172240678085111 	0.000552746502014873 	0 	-0.0001722883152788 	0 	4.76371936892589e-08 	0 	0 	0 	0 	0 	0 	0.000173618101583498 	0.000557196939785861 	0 	-0.000173666131041859 	0 	4.80294583613113e-08
2.72719443439902 	0.0140479154628466 	0.0130126748046985 	0.125435522671261 	0.968837504657755 	-0.00053233760754851 	0 	0.886838892730007 	0.0025453897777791 	0.000178141519026164 	0.000162087392899781 	0.000726035834873322 	0 	-0.000162141650149799 	0 	5.42572500185182e-08 	0 	0 	0 	0 	0 	0 	0.000163482701373673 	0.000732320523668115 	0 	-0.000163537436113768 	0 	5.47347400951275e-08
2.74197675324468 	0.013677948912449 	0.0129384569525135 	0.12528677566774 	0.96756135144402 	-0.000422262378063414 	0 	0.884455912681757 	0.00253817036006844 	0.00049075420350162 	0.000152156699150832 	0.000893801943371966 	0 	-0.00015221801461644 	0 	6.13154656078454e-08 	0 	0 	0 	0 	0 	0 	0.000153570283031181 	0.000902145563957856 	0 	-0.000153632176381752 	0 	6.18933505718191e-08
2.75623668888838 	0.013323153510382 	0.0128756946655262 	0.125148127900473 	0.96600637099533 	-0.000314672859553079 	0 	0.881736603653991 	0.00253266748197837 	0.00084332940611017 	0.000142452637391359 	0.00105614318233349 	0 	-0.000142519796587353 	0 	6.71591959936657e-08 	0 	0 	0 	0 	0 	0 	0.000143884461146475 	0.00106680554639357 	0 	-0.000143952304142406 	0 	6.78429959305575e-08
2.76999270150626 	0.0129840667241277 	0.0128223741310794 	0.12501892221883 	0.964153153278586 	-0.000209548406195469 	0 	0.878644275748923 	0.00252693326116665 	0.00118473108441193 	0.000132959431006398 	0.00121313203877404 	0 	-0.000133032243726577 	0 	7.28127201789389e-08 	0 	0 	0 	0 	0 	0 	0.000134408964961499 	0.00122641305566786 	0 	-0.000134482583530933 	0 	7.36185694343498e-08
2.78326259892174 	0.01266132438137 	0.0127732545101736 	0.124898541547187 	0.961979453253392 	-0.000106901502675644 	0 	0.875179996005498 	0.00252011489526803 	0.00151046030266746 	0.000123667610471762 	0.00136480431038792 	0 	-0.000123746780375873 	0 	7.91699041107407e-08 	0 	0 	0 	0 	0 	0 	0.000125133722469551 	0.00138104945383345 	0 	-0.000125213847736194 	0 	8.01252666433605e-08
2.79606355965862 	0.012355651970356 	0.0127283932451342 	0.12478641747236 	0.959460013377063 	-6.78321917195599e-06 	0 	0.87131436677932 	0.00251449248980688 	0.0018411503816354 	0.000114575032863568 	0.00151115881642104 	0 	-0.000114661165988308 	0 	8.61331247395981e-08 	0 	0 	0 	0 	0 	0 	0.000116055842748195 	0.00153076502052447 	0 	-0.000116143108656586 	0 	8.72659083913871e-08
2.80841215517947 	0.0120678491074699 	0.0126940353326626 	0.124682024894208 	0.956566415925326 	9.07106636218713e-05 	0 	0.86705139977247 	0.00251088543343973 	0.00213144373006293 	0.00010569247455865 	0.00165215282051434 	0 	-0.000105785058653667 	0 	9.25840950174395e-08 	0 	0 	0 	0 	0 	0 	0.000107185186635142 	0.00167557465084492 	0 	-0.000107279100072273 	0 	9.39134371316252e-08
2.82032437133825 	0.0117987648930605 	0.0126725780429259 	0.124584870188841 	0.953266987507955 	0.000185434698467716 	0 	0.862391639174328 	0.00250654396203244 	0.00240527592614757 	9.70254557361504e-05 	0.00178769932190181 	0 	-9.71239076704964e-05 	0 	9.84519343459219e-08 	0 	0 	0 	0 	0 	0 	9.8526199333544e-05 	0.00181545522043652 	0 	-9.86262027764838e-05 	0 	1.00003442939859e-07
2.8318156290747 	0.0115492620050903 	0.0126624093656198 	0.12449449075762 	0.949526777979349 	0.00027719748946602 	0 	0.857334899849625 	0.00250055887881512 	0.00268690256883798 	8.857658687431e-05 	0.00191766556629724 	-4.15071060330824e-35 	-8.86813691335199e-05 	-8.54829009597826e-30 	1.04782259209944e-07 	0 	0 	0 	0 	0 	0 	9.0080254524907e-05 	0.00195034394255094 	-4.15070662637215e-35 	-9.01868542035897e-05 	-8.70061262600953e-30 	1.06599678682721e-07
2.84290080437757 	0.0113201675934237 	0.0126613415616737 	0.124410458732227 	0.945307629535859 	0.000365757620501148 	3.51470398135439e-29 	0.851891998509012 	0.00249199647966153 	0.00291544331007582 	8.0364995298395e-05 	0.00204187124017316 	-1.58155307731497e-17 	-8.04726117301147e-05 	-7.94934262031273e-27 	1.07616431719721e-07 	0 	0 	0 	0 	0 	0 	8.18650533868793e-05 	0.00208013613101851 	-1.61258124221013e-17 	-8.19747830382036e-05 	-7.94932251772126e-27 	1.09729651324365e-07
2.85359424754223 	0.0111122097156759 	0.0126679161601493 	0.124332369643989 	0.940568357836074 	0.000450815424522172 	-2.14136282249488e-30 	0.846016030657657 	0.00247874052122804 	0.00313002410140217 	7.24096312597747e-05 	0.00216009405724823 	-6.01087160040249e-19 	-7.25140145665054e-05 	2.79635234711082e-27 	1.04383306730753e-07 	0 	0 	0 	0 	0 	0 	7.38979715239509e-05 	0.00220469009204167 	-5.82183285345107e-19 	-7.40047809087079e-05 	2.79667781060077e-27 	1.06809384757026e-07
2.86390980174789 	0.0109259401217267 	0.0126810000638299 	0.124259837325644 	0.935265050767879 	0.000532023552270414 	-4.34958006605762e-29 	0.839713402300965 	0.00246260960484315 	0.00333916197329388 	6.47094920287984e-05 	0.00227208352494429 	1.52117453173382e-17 	-6.48131987536942e-05 	1.07282418473835e-26 	1.03706724895758e-07 	0 	0 	0 	0 	0 	0 	6.61764107190835e-05 	0.00232384014687845 	1.554087533181e-17 	-6.62829103168956e-05 	1.07282178200806e-26 	1.06499597812104e-07
2.87386082097819 	0.0107616467740864 	0.0126988752769568 	0.124192509701554 	0.92935144150353 	0.000609004378310698 	0 	0.832960509501804 	0.00244421582744356 	0.00349433908929414 	5.72954052310679e-05 	0.00237757156059819 	-1.69393005564837e-34 	-5.74011874882066e-05 	-8.46875503351323e-30 	1.05782257138687e-07 	0 	0 	0 	0 	0 	0 	5.87298010403172e-05 	0.00243740660826314 	-1.69392879760386e-34 	-5.88388374120136e-05 	-8.67132317032132e-30 	1.09036371696487e-07
2.88346018730867 	0.0106192618923683 	0.0127195515156475 	0.12413007087756 	0.922779322002517 	0.000681370414944009 	0 	0.825714219215849 	0.00242524488306543 	0.00362234666858751 	5.02266344374828e-05 	0.00247629567652419 	0 	-5.03260068976199e-05 	0 	9.93724601371556e-08 	0 	0 	0 	0 	0 	0 	5.16162066953388e-05 	0.00254521896670946 	0 	-5.17193284222517e-05 	0 	1.03121726912969e-07
2.89272032758315 	0.0104982747421414 	0.0127401398862737 	0.124072207027249 	0.915498923677812 	0.00074871657112517 	0 	0.818024002428525 	0.0024064452531902 	0.00372254960944395 	4.3552375162191e-05 	0.00256804234445421 	0 	-4.3633020548629e-05 	0 	8.0645386438e-08 	0 	0 	0 	0 	0 	0 	4.48838406938104e-05 	0.0026471609522704 	0 	-4.49686937092399e-05 	0 	8.48530154294616e-08
2.90165322950093 	0.010397659420508 	0.0127579936408014 	0.124018591603537 	0.907458961922516 	0.000810656047466599 	0 	0.809858313864504 	0.00238134162655681 	0.00379541936246254 	3.72151850422484e-05 	0.00265267816715468 	0 	-3.72585622976092e-05 	0 	4.33772553608735e-08 	0 	0 	0 	0 	0 	0 	3.84734706472567e-05 	0.00274320529120424 	0 	-3.85203435737182e-05 	0 	4.68729264614967e-08
2.91027045713544 	0.0103158268999239 	0.0127719037626114 	0.123968925986749 	0.898606336673561 	0.000866530672685299 	0 	0.801221805900153 	0.00234906455616085 	0.00384614736518289 	3.15942800060073e-05 	0.00273013383439639 	0 	-3.14869083409767e-05 	0 	-1.07371665030586e-07 	0 	0 	0 	0 	0 	0 	3.27653372627129e-05 	0.00283340314433233 	0 	-3.26616984647666e-05 	0 	-1.03638797946371e-07
2.9185831659045 	0.0102505895873654 	0.0127793201949962 	0.123923613998842 	0.8888854450767 	0.000916529519391229 	0 	0.792141551887622 	0.00230710424806528 	0.00387481870834672 	2.64650409813537e-05 	0.002800439177368 	0 	-2.67758880977488e-05 	0 	3.10847116395079e-07 	0 	0 	0 	0 	0 	0 	2.75489328112397e-05 	0.00291792857248897 	0 	-2.78824087030065e-05 	0 	3.3347589176681e-07
2.92660211701151 	0.0101991457792943 	0.0127768264156428 	0.123883815924918 	0.878236613941375 	0.000964269334754816 	0 	0.782581025042065 	0.00225269500600498 	0.00387112686958284 	2.16481461175545e-05 	0.00286352906395872 	0 	-2.28058788434319e-05 	0 	1.15773272587743e-06 	0 	0 	0 	0 	0 	0 	2.26318100910463e-05 	0.00299689189634519 	0 	-2.38471770357883e-05 	0 	1.215366944742e-06
2.93433769137638 	0.0101580077042335 	0.01276485532491 	0.123843249942193 	0.866594671890595 	0.00100834903273961 	0 	0.772566127575981 	0.00218924153842228 	0.00384020141315256 	1.24906226733934e-05 	0.00291858776902547 	0 	-9.99467938681993e-06 	0 	-2.49594328657349e-06 	0 	0 	0 	0 	0 	0 	1.30923009072124e-05 	0.00306966593823712 	0 	-1.04617858328968e-05 	0 	-2.6305150743156e-06
2.94179990307414 	0.0101228772906551 	0.0127457864711113 	0.123776018204177 	0.853890292175695 	0.000993181373581884 	0 	0.762033869385269 	0.00211727138188606 	0.00380608925837723 	-1.00098226752343e-05 	0.00296264504664428 	0 	2.85341843043746e-05 	0 	-1.85243616291402e-05 	0 	0 	0 	0 	0 	0 	-1.06727979045937e-05 	0.00313340446704975 	0 	3.02944785109518e-05 	0 	-1.96216806063581e-05
2.94899841229863 	0.010088619229879 	0.0127184587925507 	0.12371051386143 	0.840058003577661 	0.000793159162373321 	0 	0.75097501066253 	0.00203889427779043 	0.00375430802214228 	1.91543390289726e-05 	0.00298929952100782 	0 	-3.85494342817398e-05 	0 	1.93950952527673e-05 	0 	0 	0 	0 	0 	0 	2.04857242202444e-05 	0.00318164972320154 	0 	-4.13180634079205e-05 	0 	2.08323391876761e-05
2.95594253786806 	0.0100497841548684 	0.0126776731022472 	0.124031382350089 	0.825053865055225 	0.00128305882495944 	0 	0.739325107199008 	0.00195044385842151 	0.0036908506140837 	3.2938887428361e-05 	0.00296666030837312 	0 	-7.98564372005636e-05 	0 	4.69175497722026e-05 	0 	0 	0 	0 	0 	0 	3.51311249881432e-05 	0.00318046616613152 	0 	-8.53492528238153e-05 	0 	5.02181278356721e-05
2.96264126928874 	0.0100090446450523 	0.0126216672725439 	0.12466424313353 	0.80917515846139 	0.00144105563549491 	0 	0.727003803858398 	0.00184850948013429 	0.00361962991343417 	0.00110110355182471 	0.00303628000952137 	0 	-0.00100188219366539 	0 	-9.92213581593118e-05 	0 	0 	0 	0 	0 	0 	0.00109495427335673 	0.00327260426941309 	0 	-0.000991863457491046 	0 	-0.000103090815865681
2.96910327839237 	0.00991338294972296 	0.0125524968647488 	0.124621129911609 	0.792153701898578 	0.000359354272954002 	0 	0.713912076160599 	0.00173226851340388 	0.00353878206010158 	0.00110041429285687 	0.00303243185969471 	0 	-0.00100000397300935 	0 	-0.000100410319847518 	0 	0 	0 	0 	0 	0 	0.00109421699750061 	0.00330074521541521 	0 	-0.000990093264749558 	0 	-0.000104123732751054
2.97533693056215 	0.0097559557849027 	0.012473622414952 	0.123977364629173 	0.773109702859618 	0.000481311584471104 	0 	0.699916495305459 	0.00160248829733202 	0.00342882368462736 	1.68821677638759e-05 	0.00292948720561297 	0 	-5.3086652099431e-05 	0 	3.6204484335555e-05 	0 	0 	0 	0 	0 	0 	1.87360814218322e-05 	0.00323989715724518 	0 	-5.89076502180906e-05 	0 	4.01715687962585e-05
2.98135029556221 	0.00957713581051219 	0.0123867706365001 	0.123671097486857 	0.75192289475078 	0.00098130024320943 	0 	0.684765413675776 	0.00146472300378532 	0.00328691872588027 	-2.23175773111223e-07 	0.00289760031044422 	0 	-1.57259324570905e-05 	0 	1.59491082302017e-05 	0 	0 	0 	0 	0 	0 	-6.59397606323044e-07 	0.00325473232420989 	0 	-1.69480346869266e-05 	0 	1.76074322932496e-05
2.98715115798429 	0.0093597751398069 	0.0122883892492985 	0.123693790996199 	0.728496277711122 	0.000689669369475787 	0 	0.668066954729977 	0.00132234784440248 	0.00310988784697008 	-2.41279799556836e-05 	0.00282734061735458 	0 	3.48455547622763e-05 	0 	-1.07175748065928e-05 	0 	0 	0 	0 	0 	0 	-2.77615997988487e-05 	0.00324018651796697 	0 	3.98808888659783e-05 	0 	-1.21192890671296e-05
2.99274702732526 	0.0090891608248021 	0.0121701554291213 	0.123714030543252 	0.702178521944696 	0.000586049556691514 	0 	0.649440472862986 	0.00118029847566934 	0.0028943954888267 	-1.47011885493264e-05 	0.00274323372744249 	0 	1.74964619682337e-05 	0 	-2.79527341890734e-06 	0 	0 	0 	0 	0 	0 	-1.75872445572941e-05 	0.00322899343888627 	0 	2.07999590515122e-05 	0 	-3.21271449421811e-06
2.99814514770852 	0.00874594646483324 	0.0120156803429653 	0.123694408861542 	0.672055550621241 	0.000473400269857339 	0 	0.627839313335457 	0.00104014695261385 	0.00265985850859785 	-2.07839811497985e-05 	0.00263403058499122 	0 	3.34768745488913e-05 	0 	-1.26928933990928e-05 	0 	0 	0 	0 	0 	0 	-2.64256004371656e-05 	0.00321787210713132 	0 	4.20119004709939e-05 	0 	-1.55863000338282e-05
3.00335250726192 	0.00830734412871697 	0.0118208188761155 	0.123659609512418 	0.636770732245753 	-4.12752559584211e-05 	0 	0.602326777530192 	0.000897766023631021 	0.00243141574805524 	4.63218162488538e-06 	0.0024845685906906 	0 	-4.18196548038628e-06 	0 	-4.50216144499115e-07 	0 	0 	0 	0 	0 	0 	3.37280224825691e-06 	0.00320474385011404 	0 	-4.68757158369143e-06 	0 	1.31476933543452e-06
